0.91923,0.49057
0.94143,0.46029
0.95086,0.43606
0.94143,0.40511
0.90173,0.38155
0.87212,0.40443
0.86001,0.44885
0.86607,0.5047
0.87279,0.55113
0.87414,0.59756
0.87145,0.63794
0.86943,0.67495
0.8876,0.67697
0.91384,0.64736
0.95018,0.58613
0.98921,0.52758
1.0181,0.49528
1.0161,0.47375
1.0094,0.46365
0.99796,0.48586
0.97104,0.54575
0.93065,0.62245
0.897,0.67427
0.87547,0.73416
0.85461,0.8001
0.84317,0.85259
0.8425,0.8896
0.83779,0.92123
0.83509,0.91988
0.86739,0.89162
0.90912,0.84048
0.92055,0.79741
0.89297,0.75636
0.86066,0.71531
0.82904,0.67696
0.78193,0.66283
0.75232,0.67359
0.72675,0.71733
0.73079,0.75636
0.73752,0.77991
0.74896,0.80077
0.75569,0.81289
0.76242,0.81558
0.75905,0.82298
0.7429,0.83846
0.71666,0.83913
0.6884,0.82164
0.6709,0.79606
0.65004,0.7779
0.65946,0.7678
0.68167,0.73483
0.70051,0.7207
0.70993,0.72204
0.71599,0.75098
0.72137,0.7678
0.71262,0.75704
0.67965,0.72137
0.64937,0.71801
0.62178,0.71801
0.61639,0.69782
0.66754,0.67023
0.74223,0.66821
0.82904,0.69243
0.92459,0.72137
1.0289,0.7429
1.1345,0.75367
1.2052,0.77117
1.2281,0.78462
1.2099,0.77049
1.1615,0.74425
1.0861,0.71801
1.0114,0.68301
0.94142,0.63524
0.88085,0.5814
0.83577,0.54641
0.81625,0.57737
0.79337,0.65408
0.76242,0.75502
0.72675,0.87009
0.70051,0.92527
0.69311,0.89431
0.71801,0.85124
0.77184,0.82904
0.84586,0.78328
0.89902,0.75367
0.89229,0.77453
0.85595,0.83375
0.81221,0.87951
0.72675,0.8822
0.65341,0.88489
0.63726,0.87883
0.63456,0.88018
0.62447,0.82769
0.66417,0.7429
0.67494,0.66686
0.60361,0.62783
0.5565,0.63456
0.51142,0.67157
0.4697,0.70589
0.49258,0.73012
0.5592,0.74694
0.63524,0.72877
0.73214,0.70791
0.8398,0.69042
0.94949,0.67157
1.0336,0.64197
1.0908,0.62783
1.115,0.62918
1.1164,0.63524
1.0928,0.62783
1.0612,0.62178
1.0222,0.61976
0.99659,0.61639
0.98717,0.60832
0.99188,0.5915
1.0074,0.54978
1.0363,0.49594
1.0619,0.45557
1.0733,0.43
1.0787,0.41586
1.076,0.41519
1.0693,0.43336
1.0605,0.4697
1.0484,0.50402
1.0397,0.52824
1.0356,0.54103
1.0316,0.53699
1.0289,0.51815
1.0275,0.4946
1.0262,0.47374
1.0242,0.46028
1.0154,0.45557
1.0087,0.46364
0.99794,0.48316
0.98314,0.50671
0.96631,0.53093
0.95218,0.54103
0.9468,0.54574
0.94343,0.54574
0.95151,0.53834
0.96497,0.53228
0.9791,0.53632
0.99861,0.54103
1.0235,0.5565
1.0457,0.58073
1.0625,0.60428
1.0773,0.60832
1.0874,0.60092
1.0861,0.58409
1.08,0.57131
1.0679,0.56323
1.0598,0.5565
1.0592,0.55112
1.0605,0.54103
1.0592,0.502
1.0518,0.46835
1.0457,0.44345
1.0343,0.4199
1.0127,0.39568
0.98785,0.37751
0.95891,0.36338
0.93536,0.36338
0.93738,0.37078
0.95353,0.38827
0.97102,0.41519
0.99188,0.4522
1.0208,0.48383
1.0457,0.51142
1.072,0.52892
1.0881,0.54305
1.0915,0.55045
1.0807,0.54641
1.0639,0.53363
1.0491,0.52959
1.0356,0.54035
1.0208,0.5565
1.0047,0.56727
0.99861,0.57737
0.99861,0.58342
0.99188,0.58073
0.97843,0.57467
0.96497,0.57198
0.9468,0.57602
0.93334,0.58275
0.93132,0.58409
0.9394,0.5814
0.94478,0.5814
0.95622,0.58275
0.97573,0.57804
1.0013,0.57669
1.0195,0.58275
1.0262,0.58679
1.0255,0.58881
1.0235,0.59082
1.0249,0.58611
1.0262,0.57871
1.0249,0.56862
1.0302,0.56323
1.0444,0.56391
1.0551,0.56391
1.0639,0.56458
1.0713,0.57064
1.0726,0.58073
1.0699,0.58611
1.0625,0.58881
1.0511,0.58544
1.037,0.58275
1.0255,0.57938
1.0154,0.57131
1.008,0.56189
1.006,0.5565
1.004,0.56054
1.008,0.57333
1.0154,0.58208
1.0175,0.58409
1.0154,0.59352
1.0121,0.60159
1.0074,0.61236
0.99659,0.62312
0.9865,0.62918
0.97641,0.63322
0.96631,0.63187
0.9616,0.62312
0.96026,0.60563
0.96429,0.58409
0.96766,0.56727
0.96901,0.55718
0.96766,0.55045
0.96295,0.55583
0.96295,0.57064
0.96026,0.58679
0.95891,0.59486
0.95689,0.60361
0.9542,0.61303
0.95689,0.61774
0.95353,0.62918
0.94007,0.65341
0.91719,0.67561
0.89027,0.71599
0.87143,0.76511
0.8647,0.7927
0.8647,0.79741
0.87749,0.7927
0.897,0.77588
0.91113,0.74425
0.92594,0.68234
0.9468,0.62245
0.96699,0.58208
0.97304,0.55381
0.97775,0.54103
0.98717,0.54035
0.99525,0.54843
0.99256,0.57064
0.97843,0.59082
0.95757,0.60294
0.94343,0.61168
0.93334,0.61505
0.92325,0.61168
0.9145,0.60092
0.9044,0.60294
0.89835,0.61841
0.89229,0.64802
0.87681,0.67898
0.86739,0.7032
0.87681,0.71935
0.88624,0.73954
0.92123,0.75434
0.99794,0.79203
1.0686,0.81289
1.0928,0.78866
1.0733,0.7429
1.004,0.68234
0.91584,0.63658
0.8001,0.60024
0.71195,0.5592
0.66417,0.5417
0.65879,0.54103
0.68571,0.53968
0.74021,0.53699
0.80212,0.57737
0.85932,0.66888
0.87816,0.76175
0.85999,0.82635
0.82904,0.82769
0.80616,0.7678
0.78934,0.69176
0.76982,0.60361
0.77184,0.50738
0.80683,0.42932
0.85461,0.38626
0.88691,0.36741
0.91854,0.3728
0.9367,0.41385
0.9367,0.48316
0.93132,0.55583
0.92998,0.60428
0.92392,0.63053
0.92459,0.61976
0.93334,0.574
0.94949,0.50065
0.95958,0.42461
0.95487,0.36136
0.94814,0.32569
0.94142,0.32973
0.93603,0.36338
0.93872,0.41317
0.94276,0.46835
0.95757,0.51949
0.97843,0.55247
1.004,0.56189
1.0255,0.54776
1.0491,0.51949
1.0592,0.4771
1.0524,0.42865
1.035,0.38895
1.0053,0.36943
0.97641,0.36741
0.94276,0.38289
0.91652,0.40779
0.90306,0.43269
0.90844,0.45557
0.92661,0.46499
0.95218,0.45691
0.97573,0.43471
0.99861,0.4199
1.0222,0.40644
1.0316,0.38962
1.0275,0.37885
1.0148,0.40039
0.99121,0.44345
0.96093,0.49056
0.92998,0.53295
0.90777,0.57266
0.89768,0.60159
0.89364,0.61639
0.89229,0.61909
0.88153,0.63389
0.86066,0.65677
0.83308,0.66081
0.81558,0.66215
0.79741,0.66081
0.7853,0.6561
0.81423,0.6487
0.85595,0.61168
0.89162,0.55381
0.89969,0.50604
0.89902,0.48719
0.87749,0.49527
0.85057,0.51007
0.81558,0.52151
0.79943,0.54305
0.80145,0.57602
0.82836,0.57871
0.87412,0.55987
0.94545,0.53026
1.0168,0.49863
1.0598,0.47374
1.0686,0.45893
1.0491,0.45826
1.004,0.45759
0.93738,0.44816
0.87143,0.43807
0.82365,0.4273
0.80145,0.41721
0.79405,0.39904
0.8102,0.38087
0.83711,0.37684
0.87076,0.37953
0.91046,0.3977
0.94613,0.43201
0.98381,0.45893
1.0222,0.46499
1.0639,0.45355
1.0962,0.43605
1.1137,0.43067
1.1191,0.43
1.1049,0.42192
1.08,0.41519
1.0518,0.41923
1.0235,0.43807
1.0027,0.45893
0.99054,0.47441
0.98852,0.48248
1.0027,0.49392
1.0255,0.50671
1.045,0.51075
1.0605,0.50738
1.074,0.50469
1.076,0.50671
1.0679,0.51209
1.0376,0.52488
0.99458,0.54237
0.96699,0.56391
0.94949,0.60024
0.94814,0.63927
0.95016,0.66686
0.96564,0.67628
0.98044,0.65475
0.97573,0.63658
0.97102,0.60428
1.002,0.59486
1.035,0.58477
1.0471,0.62514
1.039,0.67696
1.0175,0.72608
0.98583,0.77251
0.96362,0.79135
0.93872,0.78395
0.92796,0.70791
0.94613,0.60294
0.97372,0.50065
0.99592,0.41115
1.0141,0.34655
1.0181,0.323
1.0101,0.34386
0.97775,0.40039
0.94411,0.46768
0.91786,0.53363
0.90239,0.57871
0.90777,0.59352
0.9293,0.5814
0.96026,0.54372
0.99458,0.4919
1.0249,0.44345
1.0524,0.40173
1.0625,0.36943
1.0538,0.35934
1.0336,0.3654
1.006,0.37818
0.97506,0.39029
0.94343,0.40039
0.91652,0.41385
0.90306,0.43067
0.90777,0.4374
0.93065,0.43538
0.96699,0.44749
1.0161,0.46835
1.0699,0.46768
1.1083,0.44884
1.1325,0.42259
1.1372,0.41048
1.107,0.40779
1.0585,0.40846
1.006,0.40846
0.95016,0.41048
0.90306,0.4125
0.88018,0.42058
0.88153,0.42663
0.89969,0.43538
0.92594,0.4448
0.95891,0.4522
0.9865,0.4623
1.0161,0.47777
1.0457,0.48719
1.0612,0.48046
1.0659,0.46162
1.0632,0.43942
1.0504,0.41788
1.0249,0.39837
0.9939,0.38693
0.96429,0.3876
0.94411,0.40106
0.94209,0.42058
0.95622,0.44413
0.98179,0.46566
1.0121,0.48518
1.045,0.49662
1.0679,0.49863
1.0821,0.49392
1.076,0.48854
1.0598,0.48854
1.0296,0.48921
0.99794,0.4919
0.97237,0.49796
0.95622,0.50604
0.94949,0.51075
0.95824,0.5168
0.98044,0.51815
1.0067,0.51142
1.0343,0.49392
1.0524,0.47172
1.0585,0.45355
1.0518,0.43471
1.035,0.42327
1.0127,0.41923
0.98785,0.42394
0.9717,0.4374
0.96093,0.45624
0.96631,0.47306
0.98919,0.47912
1.0208,0.47508
1.0484,0.46095
1.076,0.43942
1.0942,0.41654
1.0921,0.39837
1.0787,0.38895
1.0551,0.395
1.0201,0.41385
0.99188,0.44144
0.97372,0.47441
0.96631,0.50334
0.97304,0.52488
0.98919,0.53497
1.0114,0.53564
1.0296,0.52892
1.0356,0.51949
1.0269,0.50738
0.98516,0.49796
0.91181,0.48854
0.81625,0.49662
0.70589,0.5094
0.60967,0.54372
0.55045,0.59621
0.5168,0.63995
0.52959,0.67494
0.58477,0.74829
0.61841,0.86807
0.65677,0.97506
0.71195,0.9865
0.76915,0.94949
0.7604,0.90373
0.76578,0.86403
0.78261,0.83846
0.77924,0.80279
0.77386,0.76982
0.79943,0.76847
0.82769,0.77251
0.86403,0.75569
0.88691,0.74358
0.89566,0.74492
0.89902,0.73416
0.91046,0.7133
0.89364,0.69243
0.87883,0.66821
0.87076,0.65408
0.86134,0.6635
0.84519,0.68503
0.84586,0.69984
0.89969,0.69311
0.9791,0.67494
1.0343,0.66552
1.0652,0.63658
1.0942,0.59823
1.1049,0.55112
1.0989,0.5094
1.0726,0.47575
1.043,0.46633
1.004,0.47508
0.9717,0.48787
0.95218,0.51142
0.95218,0.53968
0.9542,0.5592
0.96564,0.5592
0.98448,0.54237
1.0047,0.52084
1.0161,0.51075
1.0107,0.51344
1.0013,0.52555
0.99121,0.54372
0.97506,0.56929
0.95151,0.60428
0.93065,0.6386
0.91652,0.6709
0.88893,0.70253
0.85797,0.73483
0.80683,0.76175
0.75771,0.77386
0.71531,0.76847
0.6884,0.74627
0.67763,0.69782
0.66081,0.65206
0.66888,0.646
0.7032,0.64937
0.70657,0.66417
0.71128,0.68705
0.75434,0.70657
0.79741,0.70051
0.81423,0.67696
0.81221,0.65408
0.79741,0.65475
0.78328,0.64937
0.77117,0.65542
0.76982,0.66215
0.77453,0.681
0.79203,0.70589
0.81154,0.72877
0.8176,0.74896
0.81894,0.76444
0.81154,0.76578
0.80818,0.76713
0.78934,0.75367
0.77117,0.73348
0.77251,0.72272
0.78799,0.70657
0.80347,0.69243
0.81625,0.69109
0.82971,0.69715
0.83711,0.68234
0.83846,0.64735
0.81894,0.61236
0.78059,0.57333
0.76175,0.54372
0.75232,0.53228
0.71531,0.54978
0.66417,0.58409
0.60563,0.64062
0.59015,0.6958
0.51815,0.75165
0.43336,0.79001
0.47037,0.74492
0.52892,0.61572
0.63053,0.4448
0.74156,0.24763
0.84115,0.06258
0.8425,-0.03768
0.82298,-0.05518
0.80616,0.0148
0.77117,0.15679
0.75098,0.33242
0.75973,0.50873
0.80347,0.64129
0.85057,0.71801
0.90037,0.74089
0.95487,0.70118
0.98381,0.61909
0.98852,0.50873
0.99054,0.38827
0.97641,0.29743
0.95016,0.25773
0.91988,0.26917
0.89835,0.31358
0.89633,0.38222
0.90844,0.46162
0.92661,0.52151
0.95353,0.54237
0.98852,0.53026
1.0161,0.49729
1.0309,0.45422
1.0329,0.41115
1.0235,0.37818
1.0053,0.36674
0.98448,0.37078
0.97035,0.39635
0.96093,0.43269
0.95016,0.47172
0.95084,0.51142
0.96026,0.52892
0.9791,0.50604
0.9865,0.45355
0.95689,0.3977
0.86874,0.35799
0.77251,0.39904
0.70051,0.46499
0.64264,0.52555
0.65004,0.5989
0.70926,0.61909
0.76376,0.58073
0.85999,0.52488
0.93334,0.47441
0.95824,0.40308
0.94478,0.31762
0.89768,0.26513
0.82298,0.23687
0.76376,0.22879
0.73954,0.23956
0.74425,0.27522
0.77319,0.33242
0.82635,0.38155
0.897,0.42596
0.96901,0.47037
1.0222,0.49662
1.045,0.502
1.0417,0.48652
1.0222,0.45288
0.98112,0.42596
0.93065,0.4125
0.89229,0.40846
0.87883,0.40779
0.90171,0.40644
0.94814,0.40846
0.98987,0.41788
1.0383,0.43269
1.0747,0.44749
1.0935,0.44816
1.0962,0.43538
1.0841,0.42192
1.0551,0.4125
1.0168,0.40039
0.98852,0.3876
0.97439,0.38222
0.96429,0.3876
0.96497,0.40375
0.98381,0.41923
1.0107,0.43201
1.0383,0.4448
1.0659,0.45086
1.0827,0.45086
1.0847,0.44547
1.0753,0.43538
1.0585,0.42327
1.035,0.41115
1.0107,0.40443
0.99659,0.39971
0.99256,0.39635
0.99861,0.39971
1.0101,0.40644
1.0262,0.41115
1.041,0.41317
1.0504,0.40981
1.0518,0.40173
1.0457,0.38962
1.0316,0.3802
1.0127,0.37414
0.9939,0.36809
0.97843,0.36876
0.96631,0.37414
0.96429,0.3876
0.96631,0.4125
0.97506,0.43673
0.98448,0.46499
1.0027,0.49998
1.0235,0.51209
1.037,0.50805
1.0558,0.48854
1.0699,0.45288
1.0739,0.40778
1.0719,0.37077
1.0692,0.34183
1.0585,0.33174
1.0349,0.33914
1.0188,0.36538
1.0087,0.3997
1.0046,0.43469
1.006,0.45825
1.0087,0.4643
1.0127,0.44613
1.0181,0.4172
1.0248,0.38355
1.0316,0.35193
1.039,0.32165
1.0376,0.30213
1.0369,0.3055
1.043,0.33107
1.0457,0.3701
1.0443,0.40576
1.0497,0.42864
1.0645,0.43806
1.0746,0.43469
1.0928,0.41787
1.1036,0.38894
1.1163,0.36538
1.1237,0.34116
1.1197,0.33174
1.1136,0.33914
1.1029,0.35664
1.0914,0.38086
1.0746,0.40509
1.0659,0.42864
1.0591,0.44882
1.0497,0.45488
1.045,0.44479
1.0457,0.42595
1.0504,0.40239
1.0531,0.38692
1.0618,0.37413
1.0665,0.36942
1.0679,0.3775
1.0706,0.39701
1.0706,0.42393
1.0692,0.44681
1.0652,0.46565
1.0618,0.47574
1.0571,0.47641
1.0558,0.46901
1.0558,0.45623
1.0578,0.44075
1.0598,0.42662
1.0639,0.42258
1.0659,0.42191
1.0686,0.42729
1.0665,0.43806
1.0605,0.45286
1.0517,0.46565
1.0416,0.47103
1.0322,0.46968
1.0262,0.46565
1.0201,0.45555
1.0174,0.44546
1.0161,0.44008
1.0107,0.44277
1.004,0.4421
0.98243,0.4394
0.94408,0.43873
0.90303,0.44344
0.8566,0.44479
0.79066,0.44142
0.73615,0.42931
0.71058,0.40239
0.70251,0.36673
0.70924,0.32636
0.74827,0.28531
0.80883,0.25099
0.86737,0.23686
0.91918,0.2483
0.97907,0.27925
1.0201,0.32367
1.0383,0.36808
1.0322,0.41316
1.0188,0.45286
1.0067,0.46699
0.99253,0.4495
0.98849,0.41787
0.99791,0.38894
1.0094,0.36942
1.0248,0.35866
1.0477,0.35731
1.0719,0.37481
1.0867,0.40172
1.0921,0.43402
1.0962,0.46968
1.0921,0.4966
1.082,0.51544
1.0726,0.52823
1.0632,0.52284
1.0565,0.50804
1.0504,0.48112
1.045,0.45017
1.041,0.41787
1.0443,0.39096
1.0538,0.3775
1.0659,0.3701
1.0739,0.36875
1.0672,0.36673
1.0511,0.36942
1.0295,0.37682
1.008,0.38692
0.98849,0.39836
0.97638,0.4098
0.97032,0.41653
0.97571,0.41854
0.9932,0.40912
1.0094,0.39499
1.0201,0.38086
1.0248,0.36606
1.0215,0.35327
1.0114,0.34654
0.99657,0.34318
0.9784,0.35058
0.95485,0.3674
0.93533,0.39096
0.92322,0.41787
0.90505,0.43537
0.88486,0.44882
0.85862,0.46094
0.8344,0.45959
0.81892,0.44748
0.8169,0.42931
0.82027,0.41585
0.82969,0.40845
0.8418,0.41047
0.8492,0.42056
0.8492,0.43739
0.84247,0.4569
0.82565,0.47776
0.81421,0.48247
0.80748,0.47372
0.80344,0.45488
0.80479,0.43537
0.81286,0.41451
0.81556,0.39432
0.81286,0.38019
0.81017,0.38086
0.80546,0.39028
0.80681,0.41989
0.81152,0.47372
0.81623,0.53159
0.80008,0.60494
0.76845,0.68299
0.71866,0.75432
0.65339,0.77451
0.59888,0.75028
0.53967,0.67828
0.47036,0.56053
0.43469,0.45421
0.40307,0.39836
0.35798,0.40239
0.36337,0.45219
0.44344,0.55447
0.54841,0.67155
0.64666,0.77922
0.72875,0.84785
0.77047,0.85189
0.76845,0.77653
0.77182,0.67088
0.74423,0.56524
0.68636,0.49256
0.648,0.44075
0.64531,0.39701
0.64397,0.38355
0.62243,0.41047
0.61772,0.44546
0.62311,0.47641
0.64935,0.48853
0.70049,0.49458
0.76374,0.49189
0.80883,0.47507
0.81286,0.47978
0.78662,0.52352
0.72,0.57129
0.63118,0.62445
0.53967,0.64464
0.47103,0.62378
0.43402,0.5834
0.44344,0.52284
0.50737,0.47709
0.59417,0.45421
0.67761,0.45421
0.74692,0.47305
0.78864,0.49256
0.81084,0.49525
0.83843,0.47305
0.87208,0.42595
0.88217,0.37144
0.87275,0.33578
0.83911,0.32434
0.82969,0.31088
0.83238,0.29002
0.8243,0.30079
0.8344,0.3351
0.85929,0.37211
0.87006,0.38759
0.85458,0.41181
0.80815,0.47439
0.71327,0.53765
0.57869,0.57668
0.46901,0.6332
0.40576,0.66415
0.36,0.70655
0.32501,0.72673
0.33578,0.71327
0.33039,0.69241
0.35395,0.67223
0.3775,0.57466
0.4421,0.4818
0.46834,0.44277
0.39297,0.36942
0.34049,0.35596
0.23821,0.36606
0.14535,0.41047
0.13929,0.45084
0.17495,0.50468
0.25705,0.48516
0.43739,0.41451
0.59417,0.36404
0.69376,0.33981
0.72539,0.40441
0.68367,0.48382
0.61301,0.52755
0.54101,0.53159
0.53361,0.50131
0.53025,0.41249
0.52688,0.25772
0.50198,0.12381
0.45017,0.08209
0.42527,0.18437
0.46026,0.33174
0.52082,0.43806
0.54438,0.58475
0.58744,0.69309
0.66617,0.72068
0.70655,0.64935
0.73615,0.53832
0.76912,0.44344
0.74355,0.35327
0.67963,0.29338
0.61638,0.29944
0.5538,0.32838
0.48651,0.38221
0.44613,0.43806
0.41518,0.49795
0.40374,0.56322
0.43671,0.61974
0.50737,0.66617
0.6083,0.65944
0.74221,0.57264
0.86333,0.45286
0.95417,0.3674
1.0181,0.30348
1.0383,0.25301
1.004,0.21533
0.94542,0.2086
0.8963,0.23619
0.82699,0.26983
0.75432,0.3277
0.6978,0.42056
0.66617,0.51208
0.64195,0.60225
0.63589,0.63387
0.64666,0.60225
0.65204,0.52419
0.67223,0.42662
0.66079,0.36067
0.62176,0.3674
0.57533,0.41518
0.56322,0.48987
0.59619,0.55649
0.67223,0.62849
0.70587,0.7301
0.74827,0.80142
0.75836,0.80479
0.73077,0.7301
0.71597,0.55851
0.75567,0.39297
0.78527,0.23821
0.81488,0.14064
0.864,0.1043
0.89899,0.1366
0.92928,0.22273
0.96157,0.33174
0.971,0.43604
0.96359,0.48853
0.97167,0.50333
0.96763,0.50064
0.95148,0.4791
0.94139,0.43671
0.9461,0.39028
0.95215,0.34991
0.95888,0.32501
0.96292,0.32636
0.96225,0.35125
0.95821,0.39096
0.95485,0.43066
0.94542,0.46497
0.93399,0.48449
0.92255,0.48045
0.9212,0.45757
0.92187,0.42662
0.92524,0.39634
0.93129,0.37481
0.94273,0.36606
0.95014,0.36067
0.95417,0.36875
0.95619,0.38961
0.95552,0.41787
0.95148,0.4421
0.94341,0.45555
0.93802,0.45892
0.93062,0.45488
0.92658,0.44142
0.92255,0.42325
0.91447,0.4098
0.91111,0.40509
0.91447,0.41518
0.91716,0.44277
0.91582,0.4717
0.91178,0.49391
0.91649,0.50266
0.91313,0.49593
0.90371,0.48314
0.90774,0.45421
0.90236,0.41316
0.89159,0.38624
0.87948,0.38221
0.84449,0.39768
0.78393,0.3997
0.71395,0.38759
0.6655,0.39903
0.61705,0.42393
0.62311,0.4892
0.69578,0.53832
0.76509,0.56322
0.84584,0.59619
0.94946,0.60897
0.99858,0.59754
1.0026,0.5612
1.0168,0.53226
1.0053,0.5141
0.97234,0.50131
0.95754,0.49189
0.93062,0.48785
0.90774,0.48045
0.92053,0.47709
0.94812,0.4643
0.95956,0.44344
0.97772,0.41922
1.0087,0.40105
1.0289,0.38221
1.0316,0.35731
1.0268,0.33309
1.0107,0.3203
0.98311,0.31357
0.94408,0.31223
0.91313,0.31155
0.89496,0.31357
0.88217,0.31223
0.86871,0.30281
0.83372,0.31021
0.77182,0.31424
0.71866,0.32501
0.67828,0.34856
0.66483,0.38423
0.72,0.41787
0.81017,0.44277
0.91649,0.45757
1.0161,0.47372
1.0881,0.47103
1.1244,0.46497
1.1217,0.44681
1.0914,0.42662
1.0342,0.40845
0.9858,0.3997
0.94879,0.39903
0.93466,0.40105
0.94004,0.38961
0.96763,0.3701
1.0147,0.35529
1.0612,0.33712
1.1015,0.32299
1.1285,0.31761
1.1318,0.31424
1.1136,0.31492
1.0739,0.32703
1.0235,0.34116
0.97638,0.35193
0.94004,0.35731
0.92524,0.35933
0.93062,0.35798
0.95619,0.35664
0.99522,0.35395
1.0336,0.34991
1.0632,0.34385
1.0807,0.34251
1.0867,0.3452
1.0739,0.34654
1.0524,0.34789
1.0235,0.35193
0.99657,0.35395
0.97638,0.3526
0.96898,0.35193
0.97638,0.34789
0.99253,0.34385
1.0154,0.34049
1.0396,0.33981
1.0618,0.33914
1.0713,0.33981
1.0699,0.34049
1.0578,0.34251
1.0376,0.34318
1.0147,0.34385
0.99657,0.34183
0.98378,0.33914
0.97907,0.33645
0.98445,0.33376
0.99724,0.33241
1.0161,0.33376
1.0309,0.33578
1.0423,0.33847
1.0497,0.34183
1.0437,0.34654
1.0336,0.34991
1.0188,0.34991
1.0026,0.34722
0.99051,0.34452
0.98714,0.33914
0.99118,0.33174
1.0053,0.32501
1.0235,0.32299
1.045,0.32434
1.0659,0.33241
1.0793,0.3452
1.0814,0.36067
1.0713,0.37211
1.0531,0.37615
1.0289,0.37952
1.0087,0.37682
0.99387,0.3674
0.98647,0.35058
0.98782,0.33981
0.99791,0.33241
1.0154,0.32972
1.0349,0.33241
1.0511,0.33914
1.0598,0.35395
1.0625,0.3674
1.0558,0.38019
1.043,0.38624
1.0289,0.38759
1.012,0.38288
1.0019,0.37413
0.99657,0.36538
0.99858,0.35731
1.0073,0.35462
1.0201,0.35596
1.0349,0.36404
1.0484,0.37481
1.0571,0.38894
1.0612,0.40239
1.0598,0.41114
1.0504,0.41249
1.0383,0.40778
1.0268,0.3997
1.0134,0.39297
1.0026,0.38759
0.99387,0.38624
0.98916,0.3849
0.99051,0.38894
0.99993,0.39836
1.0087,0.41114
1.0215,0.42931
1.0376,0.4394
1.0531,0.44546
1.0605,0.44681
1.0665,0.44411
1.0679,0.4394
1.0692,0.43133
1.0659,0.41585
1.0612,0.39567
1.0558,0.37144
1.0423,0.36135
1.0242,0.39634
1.0147,0.45017
1.0141,0.48718
1.0342,0.49189
1.0632,0.48112
1.0793,0.45421
1.0888,0.43469
1.0847,0.39499
1.0639,0.34251
1.041,0.29742
1.012,0.27387
0.97772,0.27723
0.94812,0.29002
0.936,0.30752
0.94206,0.32636
0.94812,0.35462
0.95888,0.37682
0.971,0.38153
0.97301,0.38019
0.95148,0.38624
0.90438,0.40105
0.85526,0.43335
0.79806,0.47372
0.75567,0.49593
0.72337,0.51544
0.72,0.5141
0.74827,0.4892
0.80681,0.45555
0.87073,0.42998
0.92255,0.39567
0.95283,0.3701
0.97436,0.35664
0.9784,0.35529
0.96763,0.36808
0.95485,0.3997
0.94139,0.44344
0.92793,0.46363
0.93129,0.46363
0.95686,0.44411
0.99522,0.42124
1.043,0.38759
1.0888,0.35327
1.1244,0.33309
1.1493,0.33174
1.1554,0.34385
1.1439,0.36269
1.1258,0.36606
1.1042,0.35596
1.0827,0.34251
1.0612,0.32165
1.0457,0.28666
1.0309,0.25705
1.0201,0.23148
1.0127,0.22811
1.0087,0.24359
1.0073,0.27118
1.0053,0.30415
1.0073,0.34049
1.0141,0.37211
1.0221,0.39768
1.0289,0.40374
1.0356,0.3923
1.0403,0.37279
1.0383,0.34385
1.0322,0.31694
1.0262,0.2954
1.0215,0.28733
1.0168,0.29002
1.0147,0.30752
1.0168,0.33107
1.0221,0.35731
1.0295,0.37615
1.0369,0.38826
1.0416,0.38961
1.043,0.38153
1.0416,0.36606
1.0369,0.34789
1.0262,0.33578
1.0114,0.3351
0.99657,0.3452
0.98647,0.36404
0.98243,0.3849
0.98378,0.40307
0.9858,0.42325
0.98849,0.44277
1.0026,0.47305
1.0194,0.49727
1.0369,0.49054
1.0363,0.46296
1.0275,0.43335
1.0013,0.40576
0.98176,0.38624
0.96292,0.38019
0.95956,0.38826
0.96898,0.41047
0.98513,0.432
0.99724,0.44344
1.008,0.45017
1.0194,0.44479
1.0208,0.42998
0.99724,0.41114
0.96696,0.39499
0.94812,0.38624
0.94004,0.37884
0.93735,0.36942
0.95148,0.36
0.9784,0.36
1.0026,0.36875
1.0154,0.3775
1.0161,0.37481
1.0033,0.36673
0.97638,0.35529
0.94206,0.33712
0.90034,0.31357
0.864,0.29809
0.84987,0.29608
0.85727,0.2954
0.88486,0.30011
0.91111,0.32232
0.91313,0.36606
0.9138,0.4246
0.91178,0.48987
0.8963,0.55918
0.88688,0.61638
0.8815,0.62983
0.84382,0.62378
0.80681,0.59148
0.75163,0.53025
0.67425,0.45017
0.59754,0.35866
0.58475,0.26714
0.61974,0.22273
0.66213,0.25166
0.72337,0.32838
0.78797,0.42393
0.8492,0.50804
0.90101,0.56793
0.94475,0.58071
0.97638,0.54707
0.97503,0.47978
0.95485,0.38961
0.93197,0.30953
0.91851,0.25907
0.91178,0.25637
0.92928,0.28329
0.96292,0.33578
1.0094,0.40778
1.0504,0.46363
1.0861,0.49727
1.1042,0.50266
1.1096,0.48583
1.0968,0.45084
1.0719,0.39701
1.0437,0.35193
1.0188,0.33039
1.0053,0.33914
1.0046,0.37144
1.0168,0.42258
1.0376,0.4818
1.0659,0.53832
1.0948,0.57735
1.1258,0.59484
1.1527,0.58811
1.1762,0.56456
1.1978,0.53025
1.2146,0.49391
1.2193,0.47238
1.2233,0.45421
1.2408,0.44815
1.2455,0.48516
1.2381,0.58273
1.2395,0.66684
1.2267,0.65137
1.2247,0.55514
1.2099,0.42124
1.1406,0.28867
1.0538,0.20725
0.9784,0.18707
0.91245,0.22744
0.87208,0.29877
0.85526,0.41787
0.89159,0.50266
0.96898,0.52621
1.0376,0.5141
1.0807,0.50535
1.0955,0.51073
1.0511,0.53361
0.9535,0.61436
0.80412,0.7772
0.55649,1.0248
0.19716,1.3263
-0.0868,1.5618
-0.2086,1.7092
-0.23282,1.7038
-0.17226,1.5107
-0.08882,1.2624
-0.04172,1.0787
0.03566,1.0026
0.22811,1.0342
0.32838,1.1184
0.4569,1.2227
0.64598,1.2072
0.7947,1.1002
0.85997,1.0383
0.88285,1.0208
0.8815,1.0174
0.82834,0.98176
0.72808,0.93937
0.63253,0.87275
0.54303,0.85055
0.46698,0.79603
0.49996,0.74421
0.56321,0.67894
0.60695,0.56724
0.62646,0.44478
0.63521,0.38085
0.67356,0.34317
0.68635,0.30213
0.66212,0.29742
0.64059,0.34452
0.6379,0.47842
0.65472,0.60627
0.66481,0.67356
0.68433,0.68769
0.71393,0.66481
0.72874,0.61233
0.75094,0.5087
0.75969,0.38153
0.74354,0.28396
0.74556,0.25233
0.77382,0.28194
0.80477,0.3499
0.79805,0.42594
0.77046,0.49054
0.77786,0.53225
0.80006,0.55446
0.80747,0.56388
0.82294,0.52956
0.8761,0.48179
0.93801,0.44882
0.9878,0.44007
1.0302,0.42728
1.0524,0.42257
1.0228,0.43132
0.96694,0.46093
0.901,0.51072
0.84111,0.5659
0.7967,0.61031
0.78257,0.62579
0.81487,0.61704
0.87408,0.58138
0.92657,0.51274
0.9952,0.43603
1.0531,0.41584
1.0874,0.43334
1.0928,0.46968
1.0773,0.52889
1.045,0.60223
0.98713,0.65203
0.91176,0.66616
0.86332,0.65674
0.83034,0.63521
0.81285,0.59551
0.81016,0.5262
0.83169,0.44882
0.8512,0.40373
0.86264,0.39566
0.87072,0.41854
0.84717,0.48381
0.82563,0.5659
0.8189,0.63453
0.80477,0.66952
0.80208,0.66078
0.81083,0.61031
0.84313,0.53966
0.85053,0.45756
0.8364,0.36942
0.83573,0.37076
0.83909,0.53225
0.81083,0.79132
0.83505,1.0625
0.94473,1.2973
1.0908,1.411
1.2294,1.3209
1.2771,1.0544
1.2677,0.65472
1.1466,0.33644
0.91445,0.13996
0.70451,0.03163
0.52014,0.01077
0.36201,0.06796
0.19648,0.27252
-0.00404,0.6278
-0.15947,1.0282
-0.23215,1.3296
-0.28059,1.4709
-0.24628,1.5517
-0.06998,1.5429
0.14871,1.4333
0.31828,1.3061
0.44814,1.3572
0.5807,1.3653
0.69106,1.2758
0.75027,1.1964
0.78324,1.1284
0.81352,0.99184
0.79468,0.82294
0.75834,0.65472
0.71528,0.49323
0.61098,0.37749
0.48717,0.30953
0.40037,0.31222
0.3896,0.38691
0.46227,0.51947
0.5982,0.71864
0.77517,0.92791
0.94675,1.0611
1.1069,1.0558
1.1836,0.9407
1.1654,0.77517
1.0928,0.57465
0.973,0.33914
0.81487,0.1265
0.66078,-0.03095
0.57263,-0.08478
0.57599,-0.02759
0.63184,0.09286
0.73816,0.23147
0.92589,0.38826
1.1116,0.52082
1.2455,0.59685
1.3189,0.61502
1.3256,0.57128
1.257,0.48044
1.1271,0.36874
0.99655,0.25637
0.901,0.15207
0.85659,0.0942
0.86062,0.11103
0.8909,0.18774
0.94675,0.288
1.0194,0.3822
1.0854,0.45689
1.1264,0.49121
1.1466,0.46497
1.1352,0.39835
1.0975,0.31289
1.0423,0.23349
0.98309,0.17293
0.92657,0.14534
0.88619,0.15409
0.86735,0.19648
0.87206,0.26175
0.89965,0.3351
0.94137,0.39902
0.9804,0.44343
1.014,0.46631
1.0255,0.48448
0.99386,0.50601
0.95348,0.54437
0.94675,0.64597
0.95617,0.73749
1.0073,0.73883
1.0544,0.65405
1.0228,0.52687
0.91513,0.39566
0.78795,0.30078
0.68164,0.26512
0.52149,0.30011
0.37749,0.39633
0.24762,0.55379
0.13727,0.67625
0.11035,0.76844
0.13592,0.80074
0.1588,0.75902
0.21465,0.64597
0.31558,0.541
0.3896,0.45622
0.44074,0.36874
0.51611,0.35259
0.55984,0.36605
0.59281,0.3896
0.59752,0.44141
0.61637,0.48919
0.6924,0.48852
0.75633,0.44478
0.79535,0.37614
0.83371,0.29203
0.85659,0.2234
0.87812,0.17832
0.86937,0.18168
0.8438,0.25368
0.81823,0.3499
0.82631,0.46093
0.8613,0.55984
0.8936,0.61435
0.92993,0.61771
0.97232,0.5908
0.99116,0.51341
0.9703,0.40037
0.9407,0.29338
0.93128,0.2234
0.91715,0.18572
0.90705,0.19379
0.91513,0.23955
0.92589,0.31289
0.9306,0.39162
0.94473,0.46564
0.95752,0.50938
0.95012,0.52351
0.93801,0.51139
0.93599,0.46833
0.92455,0.40239
0.91445,0.32568
0.90638,0.27185
0.90436,0.24426
0.89763,0.24493
0.89427,0.27925
0.89494,0.32029
0.901,0.36
0.90571,0.397
0.90974,0.42527
0.91109,0.43805
0.90773,0.42392
0.901,0.40171
0.87946,0.38758
0.84178,0.38018
0.79132,0.3822
0.75229,0.39162
0.74758,0.39162
0.75498,0.37816
0.77046,0.3748
0.80006,0.38556
0.81756,0.39902
0.80948,0.40171
0.79939,0.40239
0.77786,0.3896
0.75229,0.3896
0.73008,0.40441
0.71932,0.41315
0.70721,0.40575
0.6776,0.3674
0.63184,0.31222
0.58541,0.27521
0.53966,0.26175
0.55042,0.24493
0.5585,0.25099
0.56186,0.27992
0.57599,0.31626
0.60896,0.3499
0.61098,0.3573
0.59954,0.35865
0.54504,0.35394
0.5013,0.37614
0.46093,0.37614
0.46026,0.38556
0.4939,0.41988
0.5013,0.48919
0.51812,0.58407
0.55984,0.67222
0.61435,0.7321
0.66683,0.78526
0.70922,0.81285
0.72335,0.80747
0.74354,0.74354
0.74825,0.62175
0.7496,0.49794
0.77315,0.40912
0.80006,0.31828
0.81958,0.27117
0.81756,0.26377
0.82025,0.28261
0.80747,0.30213
0.7819,0.33375
0.76036,0.37884
0.73547,0.41854
0.71057,0.44949
0.69913,0.47506
0.70721,0.48919
0.72807,0.48381
0.7496,0.46429
0.77449,0.43401
0.80141,0.40508
0.829,0.37749
0.84717,0.36605
0.8539,0.37345
0.8539,0.38691
0.85053,0.38826
0.85928,0.38758
0.86466,0.38085
0.87072,0.37076
0.87812,0.36942
0.88283,0.37547
0.89763,0.38691
0.89965,0.38758
0.88889,0.38556
0.89965,0.37749
0.91647,0.37211
0.92388,0.36403
0.93531,0.3499
0.95752,0.33644
0.97098,0.32837
0.97098,0.31828
0.9629,0.30818
0.95146,0.30213
0.94272,0.30616
0.93733,0.31558
0.93733,0.31962
0.93801,0.32635
0.94339,0.34115
0.94406,0.35865
0.94541,0.36
0.93801,0.34385
0.93128,0.325
0.92051,0.30953
0.91378,0.2954
0.9158,0.28261
0.92253,0.28329
0.92724,0.28598
0.93599,0.28463
0.94272,0.27992
0.94339,0.28127
0.93666,0.2853
0.92926,0.2954
0.91849,0.30213
0.90638,0.3028
0.901,0.30145
0.90167,0.30415
0.90302,0.30549
0.91042,0.29607
0.92118,0.2779
0.92388,0.26646
0.92186,0.26512
0.91244,0.26175
0.90436,0.26041
0.90234,0.26377
0.89763,0.27387
0.88956,0.29674
0.87274,0.32366
0.8512,0.33981
0.83102,0.34115
0.81419,0.33241
0.80208,0.31895
0.79603,0.30213
0.7792,0.29876
0.75902,0.3102
0.73143,0.33644
0.70317,0.38355
0.67154,0.44411
0.63924,0.50803
0.62242,0.541
0.63319,0.5511
0.64597,0.5336
0.66952,0.51745
0.70855,0.50736
0.72941,0.49457
0.72134,0.48179
0.67087,0.45824
0.613,0.41517
0.56792,0.38893
0.52149,0.40171
0.49861,0.44343
0.52418,0.50063
0.56926,0.55177
0.64194,0.56657
0.71326,0.57868
0.77786,0.57801
0.82563,0.56253
0.85726,0.54369
0.85793,0.52149
0.83102,0.49659
0.78324,0.45689
0.73076,0.42392
0.69577,0.39902
0.67894,0.37009
0.68231,0.34519
0.71057,0.33375
0.76507,0.32972
0.81218,0.33779
0.84918,0.34654
0.87475,0.35932
0.87745,0.37076
0.85995,0.3822
0.829,0.38556
0.78593,0.37413
0.74152,0.36269
0.71259,0.35528
0.68567,0.34654
0.66952,0.34048
0.67222,0.3351
0.68769,0.33106
0.71393,0.3351
0.74421,0.34788
0.77248,0.36605
0.79266,0.38355
0.80948,0.39095
0.81554,0.3822
0.80612,0.35394
0.79468,0.32164
0.78997,0.29338
0.79132,0.27588
0.7893,0.27117
0.80141,0.28329
0.83034,0.29742
0.85591,0.30145
0.87475,0.29674
0.89225,0.29876
0.90369,0.31222
0.90234,0.33241
0.88552,0.35259
0.84784,0.36336
0.80477,0.36942
0.76104,0.37278
0.71461,0.36807
0.67894,0.3674
0.65741,0.37076
0.66279,0.38018
0.68365,0.37749
0.71595,0.35865
0.76709,0.33712
0.82362,0.32972
0.87341,0.33846
0.90907,0.34452
0.93397,0.35125
0.93733,0.37614
0.92522,0.40306
0.89427,0.42325
0.86533,0.42998
0.84784,0.43334
0.83707,0.43603
0.83775,0.42863
0.85322,0.40239
0.88216,0.36942
0.91311,0.33308
0.9481,0.30145
0.97636,0.27185
0.9878,0.25435
0.9804,0.26445
0.96088,0.28867
0.93666,0.33241
0.91109,0.37951
0.88283,0.41383
0.86937,0.42257
0.88148,0.41383
0.90234,0.37614
0.92926,0.31962
0.96358,0.25772
0.98982,0.20994
0.9878,0.17899
0.95887,0.16889
0.91715,0.17899
0.87812,0.20456
0.8438,0.22945
0.83573,0.24897
0.85188,0.24762
0.88687,0.23215
0.92051,0.22811
0.9084,0.27185
0.76104,0.38826
0.5585,0.56052
0.36201,0.69173
0.2234,0.73008
0.18437,0.70519
0.22138,0.59147
0.29607,0.4764
0.39499,0.35528
0.52956,0.25031
0.63117,0.21196
0.69846,0.23417
0.75834,0.31155
0.829,0.44141
0.87543,0.62309
0.89965,0.82227
0.97905,0.95281
1.0356,1.0114
1.0403,0.97569
0.99857,0.82765
0.91849,0.5881
0.79805,0.3674
0.67423,0.1985
0.56455,0.07806
0.55244,0.01077
0.58743,0.02624
0.64732,0.13458
0.7422,0.30886
0.86332,0.50063
0.98645,0.6379
1.0746,0.65068
1.1291,0.57195
1.1419,0.44612
1.1002,0.29271
1.0114,0.15813
0.89158,0.06931
0.75162,0.07133
0.63857,0.16015
0.5807,0.288
0.58407,0.41315
0.63386,0.52149
0.70721,0.58743
0.77584,0.5982
0.83775,0.54235
0.85524,0.44007
0.82227,0.31491
0.76507,0.19514
0.68904,0.10564
0.61838,0.06527
0.55782,0.07402
0.53225,0.12381
0.541,0.20119
0.57195,0.2954
0.60829,0.38355
0.64866,0.45285
0.67962,0.48784
0.67289,0.47573
0.62444,0.42594
0.53293,0.37278
0.47304,0.34115
0.4616,0.30482
0.49054,0.27925
0.58407,0.27185
0.70519,0.28194
0.84986,0.30078
0.99318,0.29742
1.0975,0.2631
1.15,0.23349
1.1446,0.22609
1.0887,0.24359
1.0039,0.25233
0.90571,0.25704
0.8189,0.27521
0.75363,0.30213
0.70922,0.33644
0.69644,0.3674
0.70788,0.41383
0.73681,0.46497
0.7792,0.48583
0.77988,0.47439
0.75431,0.47304
0.73547,0.44007
0.66751,0.40037
0.50265,0.34923
0.34721,0.3573
0.24628,0.41584
0.16149,0.51745
0.1339,0.61906
0.14871,0.65943
0.21869,0.65136
0.4219,0.52014
0.67087,0.25973
0.90638,-0.02624
1.1217,-0.22878
1.2368,-0.36067
1.2738,-0.37614
1.1998,-0.29405
1.0423,-0.12919
0.87745,0.04576
0.72605,0.21465
0.61637,0.34115
0.56388,0.39229
0.59147,0.35932
0.67894,0.27252
0.80948,0.15544
0.95079,0.04172
1.049,-0.0471
1.0786,-0.10295
1.0551,-0.0942
1.0046,-0.02826
0.91917,0.05249
0.83909,0.15005
0.77988,0.24224
0.76238,0.325
0.78862,0.3674
0.85524,0.36538
0.9407,0.31962
1.0322,0.24897
1.1069,0.16553
1.1399,0.09084
1.1325,0.04441
1.0914,0.03634
1.0154,0.0646
0.92253,0.12852
0.83438,0.20456
0.77315,0.27588
0.7395,0.3351
0.74489,0.37547
0.78661,0.39566
0.8613,0.38893
0.93195,0.35394
0.95214,0.3102
0.89158,0.30011
0.7792,0.35125
0.65539,0.4145
0.59752,0.45555
0.64059,0.45285
0.69913,0.34654
0.76306,0.19716
0.84851,0.05249
0.90436,-0.07873
0.89158,-0.1588
0.86735,-0.17226
0.83438,-0.13189
0.77046,-0.05921
0.71595,0.02221
0.66818,0.12516
0.65001,0.25704
0.65136,0.32837
0.6924,0.33375
0.77248,0.27858
0.8539,0.20456
0.89898,0.16688
0.91715,0.16015
0.91647,0.11439
0.88283,0.05921
0.85457,0.04441
0.86264,0.0572
0.89763,0.06258
0.92589,0.06392
0.9629,0.06662
1.014,0.05652
1.0362,0.04374
1.0315,0.01615
1.0349,-0.01548
1.0154,-0.02355
0.98309,-0.02692
0.95819,-0.04172
0.93935,-0.03701
0.90302,0.01009
0.87879,0.0868
0.88148,0.16755
0.90234,0.2308
0.92118,0.28127
0.94743,0.29271
0.98174,0.27387
1.0006,0.22811
1.0033,0.16486
0.99789,0.11035
0.98578,0.07671
0.9629,0.06863
0.93464,0.08007
0.90571,0.10161
0.88889,0.13727
0.88081,0.17562
0.88552,0.20119
0.90167,0.2086
0.92589,0.20389
0.94541,0.20187
0.96492,0.20119
0.9804,0.19177
0.98713,0.17832
0.98578,0.17562
0.97636,0.18841
0.96627,0.2059
0.96088,0.21802
0.95819,0.22744
0.96223,0.23686
0.97165,0.23888
0.98645,0.2308
1.0006,0.21061
1.0181,0.1837
1.0262,0.16284
1.0295,0.14467
1.0268,0.12919
1.0167,0.1191
1.0019,0.11641
0.98107,0.12718
0.96559,0.13592
0.94137,0.13054
0.91715,0.11641
0.93464,0.08815
0.97905,0.08748
1.0322,0.12314
1.086,0.16351
1.1325,0.20389
1.1533,0.24157
1.1352,0.26108
1.1136,0.26175
1.0854,0.24157
1.0423,0.21734
0.99116,0.18303
0.95416,0.14467
0.92993,0.12919
0.91984,0.12583
0.93195,0.13458
0.95483,0.15207
0.98444,0.18437
1.0087,0.21398
1.0322,0.23417
1.0376,0.24291
1.0262,0.24359
1.0046,0.23417
0.97569,0.21061
0.94743,0.17966
0.92388,0.15005
0.90571,0.13189
0.89494,0.12919
0.89023,0.13592
0.89158,0.15342
0.89158,0.17899
0.88956,0.20725
0.88148,0.23147
0.87274,0.2557
0.87274,0.27319
0.86937,0.27454
0.87408,0.26916
0.88619,0.2705
0.90167,0.288
0.88687,0.32231
0.8539,0.34856
0.80679,0.35461
0.78728,0.34183
0.75902,0.32837
0.76642,0.31289
0.78997,0.26848
0.81689,0.20658
0.85995,0.1588
0.89965,0.14333
0.9333,0.14063
0.94675,0.14534
0.93868,0.15746
0.90773,0.19917
0.84582,0.25772
0.79199,0.30616
0.75431,0.32299
0.73277,0.30482
0.73076,0.28261
0.78661,0.24964
0.8512,0.22676
0.91042,0.20254
0.94743,0.19716
0.97434,0.21667
0.97434,0.25973
0.95483,0.30482
0.92186,0.33106
0.90436,0.34519
0.89696,0.34115
0.88619,0.31558
0.8835,0.27454
0.88148,0.22744
0.87274,0.19648
0.86466,0.18101
0.84111,0.19716
0.81487,0.23753
0.79468,0.29271
0.77853,0.36403
0.78122,0.44747
0.80141,0.50668
0.82832,0.51812
0.83169,0.53495
0.81285,0.50467
0.78257,0.43132
0.77517,0.3277
0.76238,0.20321
0.76104,0.10968
0.74018,0.09353
0.70182,0.12179
0.64395,0.19379
0.5733,0.32366
0.52956,0.46564
0.52485,0.57666
0.56926,0.54773
0.62848,0.42325
0.7173,0.28059
0.80814,0.14534
0.85322,0.05316
0.85659,0.00269
0.87812,0.00875
0.85188,0.04239
0.77988,0.11305
0.69711,0.21196
0.63992,0.26781
0.60425,0.288
0.55782,0.25906
0.55715,0.21129
0.59483,0.16149
0.67693,0.12785
0.76978,0.07671
0.86466,0.03297
0.9407,0.01413
0.97501,0.01346
0.97367,0.04037
0.95079,0.10228
0.89763,0.17091
0.82294,0.21734
0.75363,0.2483
0.71797,0.25031
0.69644,0.23618
0.685,0.21263
0.68433,0.18774
0.68635,0.17024
0.67289,0.16553
0.61704,0.21936
0.53225,0.32702
0.4394,0.43199
0.33914,0.51072
0.2483,0.5908
0.17966,0.64395
0.14063,0.64463
0.16351,0.5908
0.27319,0.52149
0.43872,0.42459
0.61098,0.29472
0.76238,0.11035
0.89763,0.00606
0.94272,-0.03364
0.97905,-0.02422
0.95954,0.01413
0.86332,0.06662
0.73277,0.10968
0.62646,0.14804
0.56388,0.16418
0.56792,0.16957
0.62915,0.16418
0.69846,0.1588
0.7644,0.16688
0.78324,0.16351
0.71192,0.15947
0.52754,0.28867
0.30347,0.4764
0.09353,0.55984
0.0175,0.57263
0.0397,0.55311
0.18101,0.4791
0.38085,0.35932
0.58474,0.17159
0.78459,0.05989
0.87812,0.01413
0.89965,-0.00067
0.9158,0.00067
0.91109,0.02557
0.86803,0.08546
0.82496,0.15746
0.79535,0.21532
0.76642,0.24157
0.76709,0.23349
0.79333,0.21196
0.829,0.19312
0.86466,0.15813
0.88956,0.12247
0.89898,0.10026
0.8835,0.09353
0.83976,0.10968
0.76238,0.15207
0.66818,0.22273
0.59281,0.31087
0.54773,0.39835
0.56186,0.42123
0.613,0.35125
0.68567,0.21061
0.71797,0.05921
0.77719,-0.03095
0.82025,-0.08007
0.84178,-0.05989
0.85793,0.02624
0.8936,0.13256
0.91916,0.20321
0.91513,0.24359
0.88619,0.25637
0.84582,0.24628
0.78459,0.2086
0.73749,0.1514
0.70048,0.07738
0.64328,0.02557
0.56792,0.02221
0.4791,0.04979
0.40171,0.10093
0.37009,0.15813
0.34856,0.19245
0.33443,0.22407
0.36134,0.2954
0.33712,0.38355
0.31289,0.47506
0.37009,0.43334
0.397,0.28059
0.3997,0.18303
0.42257,0.04576
0.43267,-0.09891
0.39027,-0.21802
0.33914,-0.25704
0.36807,-0.31828
0.41921,-0.31491
0.51274,-0.26512
0.65203,-0.23753
0.75565,-0.1662
0.76978,-0.04441
0.76911,0.08075
0.7422,0.22138
0.6924,0.31357
0.68164,0.32568
0.69913,0.2705
0.72066,0.18841
0.78257,0.08478
0.85389,-0.01615
0.88687,-0.04441
0.89158,-0.02692
0.87139,0.02893
0.8364,0.10093
0.78728,0.15207
0.74892,0.18033
0.73681,0.18303
0.74287,0.17091
0.75633,0.14938
0.79266,0.11708
0.83034,0.08613
0.87543,0.05989
0.91849,0.04576
0.95146,0.05114
0.97098,0.07805
0.97703,0.11641
0.96492,0.1662
0.93801,0.21734
0.90234,0.26377
0.87745,0.28732
0.86062,0.28261
0.85457,0.26916
0.85928,0.2483
0.87677,0.22273
0.8936,0.19783
0.91176,0.19581
0.9232,0.21734
0.92657,0.25637
0.91984,0.30011
0.91042,0.34048
0.90436,0.35999
0.91042,0.35798
0.92926,0.34519
0.95483,0.33712
0.98511,0.34452
1.0019,0.36067
1.0013,0.37345
0.97905,0.37547
0.94944,0.37278
0.90974,0.36471
0.87408,0.33914
0.84313,0.31155
0.8115,0.30011
0.78324,0.31962
0.76036,0.3674
0.75363,0.4293
0.76373,0.47439
0.77719,0.48852
0.7718,0.48179
0.76776,0.46497
0.76036,0.43536
0.73681,0.41248
0.70788,0.38826
0.6675,0.36538
0.6305,0.37143
0.61502,0.39027
0.62309,0.41988
0.66145,0.42661
0.71595,0.42123
0.76373,0.41921
0.81756,0.42257
0.8586,0.43738
0.87543,0.43872
0.86735,0.42123
0.84447,0.40373
0.81823,0.39095
0.78862,0.36605
0.77046,0.31155
0.76575,0.24897
0.77046,0.20321
0.79199,0.18437
0.81621,0.19043
0.85524,0.21061
0.90974,0.23955
0.95281,0.27319
0.97501,0.31155
0.99251,0.32097
0.99453,0.29944
0.97165,0.25368
0.94272,0.21061
0.9084,0.17024
0.87072,0.13121
0.84582,0.10026
0.84515,0.08748
0.84784,0.09824
0.85457,0.1191
0.87475,0.15073
0.90032,0.18975
0.92926,0.20994
0.95483,0.22138
0.97232,0.22474
0.97838,0.22609
0.97367,0.21667
0.9629,0.20523
0.9481,0.20523
0.93531,0.20994
0.92118,0.2308
0.91176,0.25906
0.91445,0.28598
0.91984,0.30886
0.93464,0.32164
0.95079,0.32299
0.96829,0.30482
0.9878,0.27319
0.98578,0.2382
0.96559,0.21667
0.92724,0.21734
0.8835,0.22878
0.83842,0.24964
0.80881,0.2705
0.78728,0.30347
0.78593,0.31962
0.80545,0.33106
0.8364,0.34856
0.87812,0.34856
0.9158,0.3351
0.95483,0.31693
0.98443,0.29069
0.99453,0.2705
0.98713,0.24897
0.96627,0.24224
0.94339,0.2483
0.92051,0.25435
0.9158,0.26579
0.92118,0.27656
0.94272,0.28396
0.97703,0.28194
1.0194,0.27656
1.0632,0.26175
1.0982,0.25368
1.119,0.26108
1.1271,0.28261
1.1183,0.30616
1.0955,0.32299
1.0726,0.32433
1.0524,0.32097
1.0443,0.30145
1.0376,0.2779
1.0389,0.25772
1.0504,0.24157
1.0625,0.2234
1.0685,0.2086
1.0733,0.19985
1.0733,0.19917
1.0611,0.20187
1.0396,0.20792
1.0235,0.21734
1.0107,0.22811
1.0033,0.2382
0.99655,0.24695
1.0026,0.24964
1.01,0.24493
1.0154,0.23753
1.0235,0.23551
1.0268,0.23215
1.0262,0.23349
1.0208,0.24695
1.0127,0.27185
1.0026,0.28867
0.99049,0.29742
0.98847,0.29809
1.0006,0.28867
1.0255,0.26916
1.0504,0.26041
1.0706,0.26041
1.0793,0.26579
1.0712,0.2853
1.0652,0.31222
1.0659,0.33779
1.0652,0.35663
1.0692,0.35798
1.0719,0.3425
1.0692,0.32366
1.0511,0.28867
1.0288,0.23753
1.006,0.19245
0.98578,0.15005
0.96896,0.13323
0.96425,0.14534
0.96088,0.16755
0.96492,0.18303
0.96761,0.19245
0.97434,0.19716
0.9804,0.19985
0.98443,0.19379
0.98578,0.17293
0.98915,0.14669
0.99386,0.12381
0.99453,0.11103
0.98982,0.10699
0.99453,0.11641
0.9952,0.13727
1.0019,0.16284
1.0127,0.18168
1.0302,0.19446
1.0497,0.21129
1.0665,0.22273
1.086,0.21532
1.0941,0.2059
1.0847,0.18841
1.0759,0.17899
1.0585,0.16418
1.0376,0.15409
1.0161,0.15678
0.99924,0.16755
0.98847,0.18504
0.98309,0.20725
0.98645,0.22407
1.0019,0.24157
1.0201,0.25031
1.0315,0.25435
1.0403,0.2557
1.0477,0.25031
1.041,0.23686
1.0255,0.22071
1.0066,0.21398
0.98578,0.21667
0.96358,0.22542
0.95146,0.23551
0.94541,0.24224
0.94473,0.24964
0.95685,0.25233
0.97501,0.2456
0.9952,0.22609
1.0066,0.20254
1.01,0.18437
1.0087,0.17361
0.99991,0.17428
0.9878,0.18303
0.97232,0.19716
0.96021,0.21398
0.95146,0.22676
0.94608,0.23147
0.95079,0.23147
0.95819,0.22609
0.96559,0.21869
0.97501,0.20927
0.98578,0.1985
0.98847,0.1911
0.98713,0.19043
0.98511,0.19581
0.97703,0.1985
0.96963,0.20792
0.96156,0.22003
0.95887,0.22744
0.95819,0.2308
0.96021,0.22676
0.96358,0.22273
0.96021,0.22474
0.9481,0.23888
0.92657,0.27252
0.8909,0.34317
0.86062,0.42123
0.82765,0.50332
0.8216,0.56859
0.81756,0.58339
0.82025,0.57061
0.84447,0.53764
0.86668,0.49928
0.8761,0.46968
0.88888,0.4367
0.89494,0.3997
0.89023,0.36672
0.88821,0.33577
0.89629,0.30011
0.89965,0.27925
0.90167,0.28732
0.90302,0.30953
0.89629,0.34519
0.87274,0.37682
0.83909,0.41113
0.82227,0.41113
0.80477,0.38489
0.79737,0.3351
0.80881,0.27521
0.83909,0.20792
0.87946,0.1514
0.92118,0.13189
0.96021,0.13189
0.99789,0.15544
1.0275,0.19043
1.0389,0.22542
1.0188,0.26848
0.97569,0.30011
0.92657,0.32231
0.87543,0.34317
0.83371,0.35394
0.81218,0.35663
0.81285,0.32702
0.83034,0.29338
0.8761,0.27252
0.93128,0.26848
0.98511,0.2954
1.0403,0.33846
1.0706,0.37682
1.0807,0.41113
1.0712,0.42055
1.0362,0.39835
0.98174,0.38556
0.9306,0.39364
0.87341,0.40373
0.82361,0.39835
0.81352,0.40441
0.85524,0.42594
0.90773,0.44209
0.94473,0.4367
0.94272,0.45756
0.91782,0.50534
0.86601,0.53898
0.78324,0.52822
0.69577,0.49794
0.60627,0.44411
0.57734,0.37749
0.60694,0.32231
0.6379,0.29472
0.66481,0.31962
0.72201,0.37278
0.77046,0.4367
0.76642,0.45353
0.76171,0.42459
0.77315,0.36807
0.79266,0.32568
0.80612,0.30145
0.83842,0.28329
0.88417,0.27723
0.91984,0.29405
0.95685,0.29674
1.0019,0.28665
1.0282,0.26916
1.0396,0.24628
1.0356,0.22811
1.0073,0.2086
0.96559,0.19245
0.9306,0.18572
0.89763,0.19312
0.86601,0.20994
0.84246,0.23215
0.84111,0.25839
0.85322,0.29136
0.86601,0.325
0.87879,0.35394
0.88956,0.36336
0.90032,0.36538
0.90234,0.3573
0.89494,0.35192
0.87475,0.35394
0.85457,0.36471
0.83236,0.37345
0.8216,0.39297
0.829,0.42257
0.83034,0.45016
0.82967,0.46429
0.8364,0.46497
0.83707,0.44747
0.82025,0.40844
0.80006,0.35932
0.77113,0.30482
0.73883,0.27521
0.72941,0.25301
0.7422,0.24628
0.76844,0.24359
0.80679,0.25502
0.85255,0.28261
0.90773,0.30549
0.9407,0.32164
0.95483,0.34385
0.97703,0.34183
0.98511,0.32366
0.98645,0.27992
0.98915,0.23753
0.99655,0.20321
1.0006,0.17562
1.0114,0.16284
1.0228,0.16688
1.0268,0.18706
1.0315,0.22071
1.0376,0.25906
1.0342,0.2853
1.0221,0.2954
1.0039,0.28934
0.9804,0.26714
0.95887,0.23215
0.93801,0.19312
0.91916,0.1588
0.90302,0.14131
0.89225,0.14534
0.89023,0.1662
0.89158,0.19245
0.89965,0.21802
0.9158,0.24359
0.93666,0.26041
0.95079,0.26714
0.9555,0.26377
0.94877,0.24762
0.94204,0.22609
0.92186,0.20456
0.88888,0.18639
0.84178,0.18303
0.78728,0.20187
0.73547,0.2308
0.68702,0.25772
0.64597,0.29001
0.60762,0.30549
0.58474,0.31222
0.60694,0.29001
0.63117,0.23551
0.64261,0.16217
0.63722,0.10632
0.5982,0.06863
0.50197,0.06931
0.38422,0.08546
0.31155,0.11977
0.26243,0.15746
0.27387,0.20725
0.34721,0.24628
0.46968,0.24762
0.59752,0.21398
0.70317,0.17966
0.79603,0.1514
0.86735,0.11776
0.89292,0.08748
0.90234,0.06863
0.8835,0.08815
0.86332,0.12852
0.83842,0.16486
0.82092,0.18235
0.81958,0.19446
0.82563,0.21532
0.82227,0.22542
0.82765,0.2308
0.83707,0.23416
0.83909,0.23888
0.83102,0.24964
0.81756,0.26444
0.80881,0.27387
0.79603,0.28261
0.79603,0.28665
0.82227,0.28261
0.83976,0.26108
0.86197,0.23416
0.90167,0.22273
0.93801,0.21667
0.96021,0.22138
0.98174,0.23349
1.0093,0.25435
1.0228,0.27925
1.0342,0.31357
1.0517,0.36403
1.0712,0.41786
1.08,0.45016
1.0793,0.44411
1.0625,0.4219
1.0309,0.38758
0.98443,0.37816
0.93128,0.39095
0.88081,0.41921
0.8512,0.42594
0.83371,0.41248
0.83034,0.40508
0.83304,0.42459
0.87274,0.469
0.93531,0.4791
0.97569,0.43603
0.96358,0.3674
0.92926,0.2853
0.89494,0.19783
0.82496,0.144
0.74018,0.12247
0.71393,0.15409
0.7247,0.25099
0.76171,0.3499
0.83438,0.4145
0.90571,0.4293
0.99251,0.41181
1.0692,0.35663
1.1015,0.27117
1.084,0.18437
1.045,0.12045
1.0006,0.08949
0.93666,0.09084
0.87946,0.11776
0.84515,0.17226
0.84313,0.23349
0.86264,0.28598
0.89831,0.31962
0.9407,0.32164
0.97838,0.29472
1.0073,0.24762
1.0228,0.18437
1.0134,0.11843
0.9878,0.07334
0.95617,0.05921
0.9232,0.07671
0.89629,0.11372
0.88687,0.17428
0.89629,0.23013
0.91513,0.27656
0.94473,0.29607
0.9804,0.29338
1.0134,0.2705
1.0369,0.23618
1.0416,0.19312
1.0322,0.15544
1.0093,0.1366
0.98107,0.13861
0.95012,0.1662
0.92186,0.21532
0.90369,0.27117
0.9084,0.31155
0.91849,0.34654
0.93868,0.3896
0.95887,0.41517
0.96963,0.42459
0.98309,0.42594
0.98915,0.39835
0.99049,0.32837
1.0026,0.2557
1.0194,0.2234
1.0188,0.19379
1.0033,0.15947
0.97905,0.13189
0.95819,0.14198
0.94002,0.18572
0.91849,0.2308
0.90503,0.26579
0.9084,0.29944
0.92053,0.32232
0.93264,0.3304
0.95149,0.31021
0.971,0.28531
0.97907,0.25167
0.98177,0.22004
0.98378,0.19783
0.97907,0.18639
0.96965,0.18438
0.9636,0.18438
0.9562,0.18639
0.94947,0.18572
0.94543,0.18909
0.94543,0.19245
0.95216,0.19514
0.95889,0.19178
0.96831,0.18774
0.9784,0.17765
0.98446,0.17024
0.98715,0.16015
0.98984,0.14669
0.9858,0.13929
0.98042,0.13727
0.97975,0.13996
0.98042,0.14266
0.98244,0.14804
0.98782,0.15409
0.99388,0.16217
0.99859,0.1689
1.004,0.1763
1.0033,0.17832
0.99993,0.18101
0.99724,0.17967
0.9885,0.18168
0.98109,0.1763
0.97369,0.17495
0.96898,0.17294
0.96494,0.17226
0.96696,0.17428
0.96965,0.17697
0.97369,0.18034
0.97773,0.18303
0.97773,0.18572
0.97638,0.1911
0.971,0.19581
0.96292,0.19649
0.9535,0.19716
0.94543,0.19649
0.93601,0.19581
0.92793,0.1911
0.91986,0.18774
0.91313,0.18303
0.90842,0.18034
0.89833,0.17899
0.88016,0.17495
0.86603,0.1763
0.8519,0.18303
0.82498,0.17428
0.8196,0.15611
0.83036,0.15208
0.83104,0.17428
0.83642,0.2086
0.86535,0.25638
0.88487,0.3203
0.86872,0.3849
0.86199,0.42729
0.87881,0.43873
0.89563,0.41518
0.90034,0.36068
0.91649,0.30348
0.95956,0.26041
0.98917,0.22139
1.008,0.19514
1.0215,0.1837
1.0262,0.1911
1.01,0.21667
0.98984,0.23888
0.96629,0.24965
0.94476,0.25368
0.93197,0.25099
0.93735,0.24225
0.95216,0.22744
0.97706,0.22811
0.99926,0.25503
1.0141,0.30011
1.0215,0.36202
1.008,0.42931
0.99859,0.50535
0.99724,0.60023
0.99724,0.6729
1.006,0.70318
1.0282,0.72135
1.0356,0.74289
1.0282,0.72404
1.0174,0.69915
1.0141,0.67088
0.99859,0.61301
0.96023,0.52352
0.90977,0.41787
0.85055,0.3304
0.78191,0.30348
0.69982,0.26714
0.6184,0.2732
0.56457,0.31761
0.54169,0.37952
0.57264,0.42258
0.62042,0.43604
0.70318,0.41316
0.78326,0.36875
0.82834,0.32569
0.83171,0.31088
0.83642,0.3304
0.80816,0.36808
0.75836,0.39836
0.70789,0.41653
0.65675,0.43873
0.611,0.44479
0.59754,0.43066
0.63455,0.36
0.67761,0.31021
0.72135,0.30819
0.76173,0.34924
0.75702,0.42864
0.67694,0.50064
0.59148,0.55044
0.51208,0.56726
0.46228,0.55178
0.42729,0.48113
0.44883,0.36673
0.4966,0.24696
0.55515,0.17967
0.62244,0.15477
0.68905,0.18639
0.74154,0.25368
0.78461,0.34049
0.80008,0.41047
0.79739,0.44681
0.79133,0.45085
0.76846,0.42931
0.74827,0.3775
0.7153,0.30483
0.70924,0.22744
0.72808,0.13996
0.7624,0.06796
0.82633,0.05652
0.90169,0.09151
0.98446,0.17899
1.0666,0.29339
1.1224,0.39163
1.1204,0.4495
1.0827,0.46161
1.0309,0.42729
0.97504,0.34183
0.91649,0.22273
0.87208,0.10497
0.85862,0.03365
0.87141,0.02086
0.90842,0.05585
0.95552,0.12785
0.99993,0.2234
1.0363,0.32367
1.0618,0.40105
1.0699,0.42729
1.0531,0.40643
1.0194,0.34722
0.97504,0.27051
0.92322,0.20254
0.8916,0.14535
0.88487,0.10699
0.89698,0.0969
0.91784,0.10968
0.94543,0.13929
0.98042,0.16957
1.006,0.18707
1.0188,0.1938
1.0154,0.19178
1.0006,0.17967
0.97706,0.15275
0.94947,0.12045
0.92457,0.09084
0.90236,0.06864
0.88487,0.06258
0.88487,0.07065
0.89429,0.10699
0.90842,0.16082
0.93063,0.19581
0.94206,0.20793
0.95283,0.21264
0.97033,0.21062
0.97706,0.2012
0.97504,0.18303
0.97571,0.16621
0.97638,0.16015
0.96965,0.1615
0.96494,0.16957
0.96562,0.17832
0.96696,0.18841
0.96898,0.19581
0.97571,0.19851
0.98446,0.19312
0.99051,0.18438
0.9959,0.17495
1.0013,0.16621
1.0013,0.15813
0.99657,0.15073
0.98917,0.15073
0.98109,0.15611
0.97706,0.16688
0.97504,0.17899
0.97706,0.18774
0.98109,0.19716
0.98715,0.20254
0.99321,0.20053
0.99926,0.19312
1.002,0.18034
1.0013,0.16957
0.99388,0.16284
0.98378,0.16486
0.97436,0.17159
0.96898,0.18101
0.96562,0.1911
0.96292,0.19649
0.96494,0.20053
0.97033,0.20389
0.97235,0.20725
0.97638,0.20995
0.97571,0.20793
0.971,0.21062
0.96023,0.20927
0.95149,0.20591
0.94476,0.19918
0.93803,0.19447
0.93063,0.18841
0.92457,0.18639
0.91986,0.1837
0.90909,0.18438
0.89025,0.19178
0.86535,0.216
0.82363,0.25839
0.78999,0.30146
0.76711,0.3304
0.75836,0.33914
0.77249,0.32569
0.79066,0.28935
0.78864,0.24561
0.79268,0.2086
0.80345,0.17563
0.81354,0.14804
0.82834,0.12449
0.82969,0.13525
0.82229,0.18774
0.7947,0.26243
0.77115,0.32232
0.74827,0.36337
0.73279,0.38625
0.71059,0.39096
0.68771,0.39836
0.68098,0.41114
0.69376,0.4246
0.72001,0.44412
0.74625,0.45959
0.75702,0.46094
0.75634,0.4569
0.74827,0.43066
0.74087,0.39028
0.74356,0.35327
0.7476,0.31357
0.7476,0.28666
0.74625,0.28329
0.76307,0.29608
0.78797,0.3055
0.79268,0.32232
0.79268,0.32972
0.80076,0.32232
0.80479,0.30617
0.80008,0.29137
0.79672,0.26512
0.78191,0.25234
0.755,0.24763
0.72404,0.24494
0.70251,0.24494
0.67492,0.25234
0.67492,0.26849
0.69309,0.28868
0.7375,0.30483
0.78326,0.30954
0.8196,0.30415
0.85728,0.29137
0.88958,0.2658
0.90842,0.23282
0.91784,0.2012
0.91784,0.17832
0.90909,0.16755
0.90102,0.16082
0.89362,0.1615
0.89227,0.16621
0.89698,0.17765
0.90438,0.1938
0.91649,0.20927
0.92995,0.21802
0.94678,0.2234
0.96023,0.22071
0.96831,0.20927
0.96965,0.19178
0.96764,0.17226
0.96225,0.15746
0.9535,0.1514
0.94408,0.15477
0.93332,0.16486
0.92457,0.18303
0.91986,0.20658
0.91515,0.23955
0.91313,0.27253
0.90977,0.30213
0.90842,0.31963
0.90573,0.31896
0.90573,0.30415
0.90909,0.2806
0.91582,0.25099
0.9239,0.22475
0.93466,0.20793
0.94206,0.2086
0.94274,0.21264
0.93601,0.22004
0.92861,0.23888
0.91178,0.25839
0.89294,0.2806
0.87679,0.29204
0.86132,0.29406
0.84449,0.28127
0.84988,0.26109
0.86603,0.23686
0.88891,0.2261
0.91044,0.21533
0.93332,0.20725
0.95283,0.19312
0.95754,0.1763
0.94745,0.16082
0.92457,0.14669
0.88823,0.13122
0.84786,0.12987
0.80614,0.14535
0.77249,0.17024
0.76711,0.21398
0.79268,0.25839
0.82969,0.28127
0.87881,0.28733
0.92995,0.27993
0.97167,0.24897
0.99522,0.20793
1.0006,0.14467
0.98177,0.08209
0.95754,0.03836
0.93063,0.02826
0.90236,0.04374
0.87276,0.06393
0.86334,0.10766
0.87612,0.16621
0.89092,0.21735
0.91582,0.23955
0.94879,0.23888
0.97773,0.22071
0.99657,0.18909
1.002,0.14064
0.99926,0.08882
0.9885,0.05249
0.971,0.04374
0.95485,0.05383
0.9387,0.07604
0.93063,0.10834
0.93534,0.13929
0.94678,0.16486
0.96629,0.18168
0.9885,0.18438
1.008,0.17899
1.0154,0.16553
1.0141,0.15073
0.99859,0.13323
0.97638,0.1218
0.94745,0.11641
0.9212,0.11776
0.90034,0.12516
0.88891,0.13727
0.88689,0.15073
0.89227,0.16486
0.90371,0.17226
0.92188,0.17563
0.94072,0.17428
0.95687,0.16419
0.96764,0.1514
0.97504,0.13862
0.97235,0.12651
0.9636,0.12045
0.94879,0.1218
0.93332,0.12852
0.9239,0.13593
0.91649,0.14871
0.91178,0.1615
0.91313,0.17159
0.9138,0.17428
0.91313,0.16957
0.91313,0.16823
0.899,0.18101
0.86535,0.2012
0.82969,0.22139
0.80076,0.23282
0.77115,0.21802
0.74154,0.20053
0.72001,0.18572
0.67896,0.19447
0.62109,0.21331
0.60629,0.24359
0.61638,0.27589
0.62782,0.31155
0.65743,0.3526
0.70655,0.37683
0.75634,0.37279
0.7799,0.35529
0.78797,0.34183
0.78191,0.34116
0.7476,0.3526
0.6978,0.38154
0.65675,0.41182
0.62042,0.432
0.60494,0.42595
0.60225,0.40374
0.611,0.38086
0.62378,0.34587
0.6507,0.30483
0.6729,0.25772
0.70318,0.23282
0.72203,0.24426
0.75365,0.26849
0.79133,0.27387
0.81623,0.25705
0.81758,0.23619
0.79739,0.23148
0.76307,0.23215
0.73683,0.26041
0.72001,0.29944
0.71126,0.35327
0.72337,0.3997
0.73616,0.43133
0.74087,0.432
0.75702,0.41384
0.76778,0.38692
0.75769,0.34587
0.755,0.30819
0.75836,0.27724
0.75029,0.26041
0.74558,0.25099
0.72068,0.26109
0.68367,0.29406
0.65474,0.33376
0.64397,0.36337
0.63993,0.37952
0.65137,0.38961
0.683,0.38827
0.70924,0.34924
0.71732,0.288
0.69242,0.23417
0.66079,0.20322
0.62109,0.19581
0.57735,0.22677
0.53159,0.26176
0.49324,0.3129
0.47103,0.39163
0.47238,0.46296
0.51208,0.49391
0.59215,0.48382
0.68502,0.44883
0.77384,0.40307
0.8519,0.37481
0.8741,0.36135
0.89025,0.31559
0.90304,0.26782
0.90842,0.25099
0.90169,0.26849
0.86603,0.2557
0.81018,0.23013
0.76375,0.23821
0.7227,0.25638
0.70857,0.26983
0.74221,0.2806
0.78662,0.28598
0.83709,0.27253
0.89294,0.24157
0.94139,0.21398
0.96629,0.18707
0.96898,0.15881
0.95956,0.14737
0.93668,0.1514
0.90977,0.16082
0.87948,0.16755
0.85997,0.17226
0.85526,0.18438
0.85593,0.1938
0.86334,0.19447
0.88218,0.19245
0.90573,0.18639
0.92524,0.18303
0.9387,0.17697
0.9461,0.17361
0.95014,0.1689
0.94879,0.16621
0.94341,0.16957
0.93466,0.17226
0.93063,0.17765
0.9313,0.18034
0.93668,0.18303
0.94408,0.18774
0.9535,0.18774
0.96562,0.18572
0.97773,0.17967
0.9885,0.17024
0.99455,0.15813
0.99388,0.15275
0.99321,0.14871
0.98984,0.14669
0.98109,0.15275
0.97571,0.15813
0.971,0.16688
0.96898,0.16957
0.97302,0.17159
0.97907,0.17428
0.98648,0.17092
0.99253,0.16621
0.99657,0.16419
1.0013,0.15881
0.99859,0.15544
0.99455,0.1514
0.98917,0.15275
0.98042,0.15544
0.97706,0.15611
0.97706,0.16082
0.97773,0.1615
0.98244,0.16419
0.98715,0.16419
0.99321,0.1615
0.99859,0.1615
0.99993,0.15948
1.0006,0.15881
0.99792,0.16015
0.99522,0.16082
0.98917,0.16284
0.98648,0.16352
0.98311,0.16553
0.98311,0.16621
0.98513,0.16688
0.98715,0.16688
0.99253,0.16621
0.99724,0.16553
1.0006,0.16352
1.0026,0.16217
1.0033,0.16217
1.0013,0.16217
0.99724,0.16217
0.99522,0.1615
0.99253,0.16082
0.98917,0.1615
0.98782,0.15948
0.98917,0.15746
0.99119,0.15611
0.99388,0.15746
0.99792,0.15611
1.0006,0.15544
1.0006,0.15611
1.0013,0.15409
1.002,0.15342
0.99926,0.15477
0.9959,0.15544
0.99522,0.15611
0.99321,0.15813
0.99119,0.15746
0.99253,0.15881
0.99253,0.15813
0.99388,0.15948
0.99657,0.15948
0.99724,0.16015
0.99926,0.16217
0.99926,0.16217
0.99724,0.16217
0.9959,0.16217
0.99321,0.16284
0.99186,0.16419
0.9885,0.16419
0.98782,0.16621
0.9885,0.16688
0.98917,0.16621
0.98984,0.16755
0.99119,0.16755
0.99186,0.1689
0.99321,0.16957
0.99321,0.17024
0.99321,0.17092
0.99186,0.17092
0.99119,0.17092
0.98984,0.16957
0.99253,0.1689
0.99186,0.16823
0.99253,0.16621
0.99388,0.16553
0.99522,0.16621
0.99522,0.16486
0.99522,0.16486
0.99388,0.16688
0.99321,0.16621
0.99119,0.1689
0.98984,0.16957
0.98782,0.16957
0.98782,0.16688
0.9885,0.16621
0.98782,0.16621
0.9885,0.16486
0.9885,0.16352
0.98917,0.16419
0.9885,0.16284
0.98782,0.16419
0.98715,0.16284
0.98446,0.1615
0.98177,0.16217
0.97706,0.1615
0.97369,0.16284
0.96965,0.16352
0.96427,0.16419
0.95687,0.16553
0.95283,0.16755
0.94745,0.16823
0.94139,0.17024
0.92861,0.17428
0.90977,0.1837
0.89496,0.19649
0.87881,0.21466
0.87074,0.24023
0.86468,0.26109
0.87276,0.26983
0.88352,0.26378
0.90169,0.2557
0.91784,0.24359
0.93063,0.21735
0.94139,0.18639
0.94543,0.1615
0.94139,0.14535
0.93601,0.13862
0.93197,0.13996
0.92995,0.144
0.92053,0.15409
0.91178,0.16755
0.90909,0.18639
0.91448,0.20456
0.92053,0.21533
0.93466,0.21667
0.95216,0.20658
0.96427,0.19043
0.97638,0.16957
0.98782,0.14064
0.9885,0.11574
0.97907,0.09959
0.96091,0.09353
0.93803,0.10363
0.91784,0.12516
0.90236,0.14669
0.89833,0.1615
0.90236,0.17226
0.91851,0.17361
0.94206,0.1689
0.96831,0.15813
0.98715,0.14535
0.99926,0.12987
1.004,0.12718
0.99993,0.12987
0.9885,0.13795
0.97302,0.14602
0.96091,0.15679
0.9461,0.17226
0.93937,0.18101
0.94476,0.18168
0.9535,0.17967
0.96965,0.17495
0.98648,0.16621
1.0006,0.15813
1.008,0.15342
1.0094,0.15342
1.006,0.15746
0.99253,0.16015
0.97975,0.16688
0.96696,0.17361
0.95889,0.17697
0.9535,0.17967
0.95283,0.17765
0.95956,0.17495
0.97033,0.17092
0.9784,0.16553
0.9858,0.1615
0.98715,0.1615
0.98244,0.16284
0.97571,0.16755
0.9636,0.16957
0.95149,0.17294
0.94206,0.17697
0.9387,0.17899
0.94005,0.17697
0.94341,0.17697
0.95081,0.17832
0.95889,0.17967
0.96629,0.17899
0.97235,0.17899
0.97302,0.17765
0.97168,0.17496
0.9636,0.17697
0.95216,0.18236
0.94341,0.18639
0.93399,0.1938
0.9313,0.19985
0.92928,0.20591
0.9313,0.21264
0.93601,0.21937
0.93938,0.22206
0.93938,0.22139
0.93803,0.216
0.93265,0.2086
0.92524,0.19851
0.91717,0.17967
0.90775,0.16486
0.90035,0.15342
0.89631,0.14467
0.899,0.144
0.90977,0.15275
0.92592,0.17092
0.94745,0.19312
0.96629,0.21533
0.97975,0.23552
0.98379,0.25436
0.9784,0.26445
0.97168,0.2557
0.96024,0.23081
0.95283,0.20187
0.95283,0.18034
0.95889,0.15881
0.96697,0.14198
0.97975,0.13324
0.99455,0.13727
1.006,0.15208
1.0107,0.17025
1.0127,0.18774
1.0107,0.19851
1.006,0.20591
0.99725,0.20658
0.98648,0.20187
0.97437,0.19649
0.96764,0.18774
0.96764,0.18438
0.96697,0.18707
0.97033,0.18841
0.97639,0.19851
0.98177,0.20927
0.98446,0.22004
0.98513,0.22946
0.98244,0.23484
0.97706,0.23888
0.97504,0.23888
0.97235,0.2261
0.96764,0.20995
0.96629,0.18909
0.96293,0.17496
0.95956,0.1689
0.95485,0.16957
0.95082,0.17159
0.94812,0.18236
0.94678,0.19783
0.95082,0.20995
0.95216,0.20725
0.94678,0.19716
0.94072,0.17765
0.92524,0.16352
0.90035,0.15544
0.86468,0.15208
0.80681,0.17294
0.74087,0.23417
0.68031,0.28464
0.6184,0.34587
0.55918,0.41316
0.54707,0.45017
0.58206,0.42864
0.65676,0.38827
0.74154,0.36337
0.80614,0.36202
0.85055,0.36606
0.88622,0.35664
0.87881,0.3304
0.81018,0.31828
0.72606,0.32299
0.65339,0.35462
0.59956,0.37414
0.57332,0.38827
0.60629,0.40845
0.61234,0.45488
0.59552,0.5316
0.59889,0.61571
0.63724,0.68098
0.68906,0.73414
0.74827,0.78595
0.80749,0.79605
0.8519,0.73818
0.85594,0.67089
0.82565,0.64195
0.7799,0.67762
0.70992,0.75635
0.66214,0.80883
0.63859,0.82565
0.68771,0.80883
0.76779,0.72674
0.88151,0.59014
0.96831,0.42124
0.9959,0.25705
0.95149,0.13996
0.86401,0.07873
0.76577,0.04508
0.66954,0.03499
0.58677,0.04778
0.55986,0.09152
0.58947,0.14333
0.66147,0.18168
0.755,0.19783
0.85257,0.18707
0.93601,0.1615
0.98513,0.12718
0.98581,0.08613
0.95283,0.05249
0.89967,0.03499
0.83709,0.03566
0.78326,0.05047
0.75164,0.07469
0.74894,0.10497
0.77317,0.13593
0.81623,0.16688
0.8667,0.19043
0.92053,0.19514
0.96562,0.19312
0.99523,0.18101
1.0026,0.15813
0.99052,0.13054
0.96293,0.10901
0.93063,0.09824
0.89967,0.09959
0.87343,0.11036
0.8593,0.13189
0.8593,0.15813
0.87141,0.19245
0.8842,0.21398
0.90304,0.22475
0.92457,0.22408
0.93534,0.21802
0.93736,0.20658
0.92996,0.19783
0.91582,0.20187
0.89227,0.22475
0.8667,0.25705
0.85123,0.28868
0.84248,0.31896
0.83911,0.33847
0.84382,0.35462
0.85661,0.37414
0.8667,0.38894
0.88151,0.38961
0.91313,0.37346
0.93399,0.36741
0.94207,0.37683
0.93534,0.37481
0.91986,0.37212
0.89496,0.34789
0.85795,0.30213
0.82431,0.25301
0.81489,0.2234
0.82431,0.19716
0.86334,0.18438
0.92255,0.17563
0.9784,0.18168
1.0154,0.19447
1.0275,0.22004
1.0087,0.24494
0.971,0.25907
0.92928,0.26243
0.88824,0.2584
0.86065,0.24359
0.85257,0.22206
0.86468,0.19716
0.88285,0.17294
0.90102,0.15813
0.92053,0.15611
0.93399,0.16217
0.94207,0.16957
0.93601,0.18236
0.91919,0.19514
0.89496,0.20456
0.86468,0.20524
0.83306,0.20254
0.80547,0.19783
0.77788,0.19918
0.75836,0.21466
0.74827,0.24359
0.73549,0.26378
0.72741,0.26378
0.72203,0.25234
0.71597,0.23417
0.71463,0.21197
0.72943,0.1837
0.74625,0.15881
0.75971,0.14804
0.77182,0.15881
0.7799,0.18774
0.77048,0.216
0.76577,0.24023
0.75836,0.2584
0.74491,0.26378
0.73616,0.24898
0.73885,0.21937
0.74423,0.1938
0.74154,0.17967
0.75433,0.19312
0.77653,0.21802
0.78865,0.24426
0.79403,0.2732
0.79807,0.29742
0.81152,0.29675
0.82835,0.28733
0.84517,0.26849
0.86805,0.24292
0.88218,0.21129
0.89295,0.18774
0.90708,0.19043
0.9091,0.20389
0.90977,0.22004
0.9165,0.23821
0.92726,0.25301
0.93265,0.26243
0.94341,0.2584
0.95351,0.24763
0.95889,0.22677
0.96024,0.19783
0.96293,0.17428
0.95889,0.16217
0.94139,0.16082
0.92861,0.16957
0.91852,0.18639
0.91111,0.20793
0.90977,0.22542
0.91515,0.23484
0.92592,0.23148
0.93668,0.22206
0.94678,0.20725
0.95216,0.19582
0.95283,0.19043
0.94812,0.19514
0.94274,0.20389
0.93736,0.216
0.93467,0.22542
0.93399,0.23081
0.93803,0.22879
0.94139,0.21197
0.94409,0.18438
0.94139,0.1615
0.92996,0.14333
0.91515,0.13256
0.90102,0.13929
0.88756,0.16621
0.87343,0.20053
0.86536,0.23821
0.86872,0.27051
0.88083,0.28935
0.90304,0.2907
0.93332,0.26984
0.96158,0.23619
0.97908,0.18909
0.98513,0.13996
0.98177,0.09824
0.97235,0.07604
0.95351,0.07604
0.93265,0.09286
0.91448,0.12314
0.90708,0.16486
0.91044,0.2012
0.92323,0.22677
0.94341,0.23552
0.96764,0.23013
0.98648,0.2086
0.99994,0.17899
1.0067,0.14939
1.0046,0.12112
0.99388,0.10632
0.9811,0.10632
0.96898,0.11843
0.96024,0.14333
0.95553,0.1689
0.95687,0.19245
0.96427,0.20591
0.97302,0.20927
0.98715,0.2012
0.99926,0.18034
1.006,0.15679
1.0094,0.13525
1.006,0.12112
0.99859,0.11709
0.98648,0.12247
0.97639,0.13727
0.96966,0.15477
0.96697,0.17361
0.97033,0.19111
0.97504,0.19783
0.98446,0.19716
0.99523,0.18505
1.002,0.17092
1.004,0.15611
1.0026,0.14467
0.99657,0.13727
0.98984,0.14064
0.9784,0.14602
0.97168,0.15813
0.96562,0.17092
0.96495,0.18101
0.96697,0.18707
0.97168,0.18774
0.97975,0.1837
0.98715,0.17428
0.99119,0.16015
0.99523,0.15006
0.99388,0.14131
0.98917,0.13795
0.98513,0.144
0.97908,0.15073
0.97437,0.16217
0.97235,0.17294
0.97369,0.18168
0.97908,0.1837
0.98446,0.18303
0.99321,0.1763
0.99994,0.16688
1.006,0.15746
1.0073,0.14939
1.006,0.14266
1.0033,0.14198
0.99926,0.144
0.99455,0.15073
0.99254,0.15679
0.99321,0.16217
0.99388,0.16553
0.99792,0.16621
1.0033,0.16284
1.0073,0.15611
1.0114,0.14939
1.0134,0.14131
1.0181,0.13525
1.0208,0.12987
1.0289,0.12045
1.0403,0.10699
1.0531,0.0895
1.0652,0.07604
1.0713,0.06325
1.0841,0.05652
1.1103,0.05518
1.1338,0.05989
1.1527,0.07671
1.1574,0.09623
1.152,0.11305
1.1291,0.12987
1.1009,0.14467
1.0692,0.15342
1.0363,0.15477
1.0134,0.14939
1.0033,0.15073
1.0067,0.1514
1.0215,0.14131
1.0504,0.12987
1.0753,0.12583
1.0854,0.13458
1.082,0.1541
1.0672,0.16755
1.0417,0.17496
1.0094,0.18505
0.98311,0.18909
0.96158,0.18841
0.9488,0.17832
0.95418,0.16217
0.97235,0.15073
0.99254,0.14535
1.0114,0.14669
1.0309,0.14939
1.0396,0.15342
1.0403,0.16621
1.0289,0.1763
1.0087,0.18774
0.98715,0.18841
0.96764,0.18707
0.95754,0.17697
0.95283,0.16957
0.95822,0.15679
0.97235,0.14737
0.99119,0.14198
1.0094,0.14333
1.0215,0.15006
1.0289,0.15813
1.0275,0.17025
1.0201,0.17697
1.008,0.18034
0.99321,0.18034
0.97706,0.17765
0.96629,0.1689
0.96225,0.16082
0.96629,0.15073
0.97235,0.14467
0.98446,0.144
0.99792,0.14669
1.006,0.15275
1.008,0.16082
1.006,0.17159
0.99657,0.17899
0.98581,0.1837
0.97437,0.18101
0.9636,0.17496
0.95822,0.16621
0.95485,0.15477
0.95956,0.14939
0.96629,0.14266
0.97571,0.14266
0.97571,0.15477
0.96293,0.17697
0.93332,0.19649
0.89362,0.20658
0.83911,0.22004
0.78528,0.22879
0.73481,0.24225
0.69175,0.25099
0.67156,0.25099
0.67291,0.25099
0.67627,0.25503
0.67963,0.2907
0.68367,0.32434
0.68771,0.34116
0.68098,0.36
0.67896,0.36673
0.69444,0.36337
0.70588,0.34991
0.70924,0.33713
0.73212,0.30819
0.74087,0.27724
0.7402,0.25907
0.73885,0.24561
0.74154,0.25301
0.74491,0.26311
0.76173,0.27656
0.77788,0.30281
0.78932,0.33376
0.81287,0.36
0.83709,0.37481
0.85594,0.39096
0.86468,0.39836
0.88487,0.39365
0.90035,0.37346
0.899,0.33107
0.89496,0.27656
0.90169,0.23417
0.89833,0.19312
0.88958,0.15477
0.88622,0.13391
0.88285,0.1292
0.87814,0.14467
0.8741,0.16688
0.88016,0.18572
0.88622,0.19649
0.88487,0.2086
0.87949,0.22475
0.87141,0.23955
0.87007,0.25369
0.87478,0.24965
0.87814,0.22879
0.88083,0.20389
0.89429,0.17025
0.91784,0.1366
0.93467,0.10632
0.9562,0.09286
0.97168,0.09421
0.97437,0.11036
0.97033,0.13795
0.96966,0.16486
0.96562,0.19111
0.95889,0.20591
0.95485,0.20725
0.95485,0.19447
0.96293,0.1689
0.97033,0.144
0.97571,0.12381
0.98513,0.10968
0.99321,0.10295
0.99994,0.10699
0.99994,0.12045
0.99657,0.14198
0.98917,0.16284
0.98379,0.17899
0.97975,0.18572
0.9784,0.18101
0.9784,0.17226
0.98244,0.15746
0.9885,0.13795
0.99792,0.12314
1.004,0.11574
1.0053,0.11776
1.0053,0.12651
1.0026,0.14131
1.0006,0.15477
0.99388,0.16823
0.98917,0.17765
0.98513,0.18034
0.98379,0.17496
0.98513,0.16553
0.9885,0.15342
0.99254,0.14198
0.9959,0.13525
0.99792,0.13324
1.0013,0.13727
1.0006,0.14602
0.99859,0.15746
0.99388,0.17159
0.99052,0.18034
0.9885,0.1837
0.9885,0.18303
0.98715,0.17899
0.9885,0.16957
0.99052,0.15948
0.99186,0.15275
0.99455,0.14871
0.99254,0.14871
0.99523,0.15342
0.99186,0.16217
0.98984,0.16957
0.98715,0.17765
0.98648,0.18303
0.98446,0.18572
0.98446,0.18101
0.98648,0.17563
0.98715,0.16823
0.98783,0.16217
0.98783,0.15679
0.98715,0.1541
0.98783,0.1541
0.98783,0.1541
0.98715,0.15746
0.98783,0.16015
0.98715,0.1615
0.98783,0.15813
0.98715,0.15746
0.9885,0.15342
0.98648,0.14669
0.98513,0.13996
0.98311,0.13256
0.98042,0.12785
0.97975,0.12314
0.97706,0.11978
0.97235,0.1191
0.96629,0.11574
0.95956,0.11305
0.95687,0.11036
0.95351,0.10497
0.95283,0.10632
0.95553,0.11036
0.95754,0.1191
0.96091,0.12785
0.96427,0.13324
0.96629,0.13996
0.96831,0.14467
0.96629,0.14266
0.96562,0.14198
0.96427,0.14198
0.96293,0.14198
0.96024,0.14131
0.96091,0.14333
0.96091,0.14737
0.96024,0.15275
0.96225,0.15477
0.95956,0.15746
0.9562,0.1615
0.95216,0.16352
0.94947,0.16621
0.94409,0.1689
0.93938,0.17361
0.93668,0.1837
0.92996,0.20658
0.92255,0.24157
0.91582,0.29002
0.90573,0.33645
0.899,0.3775
0.90035,0.42124
0.90102,0.46229
0.90977,0.50401
0.90775,0.57601
0.89496,0.6682
0.87141,0.77855
0.82229,0.86468
0.73481,0.95687
0.62446,0.98783
0.53631,0.92659
0.48718,0.79874
0.47776,0.63388
0.46565,0.46498
0.41182,0.38288
0.37212,0.38692
0.42931,0.42595
0.5538,0.49593
0.6756,0.54707
0.80749,0.61234
0.93467,0.70117
1.0141,0.73481
1.0484,0.71261
1.0349,0.61773
0.98042,0.48651
0.8916,0.34857
0.84248,0.22206
0.8122,0.14737
0.81489,0.09488
0.85257,0.08546
0.90371,0.15006
0.97033,0.25032
1.0369,0.35126
1.0793,0.43672
1.0941,0.46969
1.0948,0.44816
1.0645,0.38356
1.004,0.29002
0.93668,0.18505
0.87949,0.09421
0.8418,0.03634
0.83238,0.01548
0.84584,0.03365
0.88218,0.08277
0.91852,0.14939
0.95754,0.20927
0.99388,0.2409
1.0154,0.23686
1.0215,0.20187
1.01,0.14064
0.99052,0.06258
0.93938,-0.01682
0.86738,-0.09219
0.80681,-0.14669
0.76913,-0.18572
0.76307,-0.20591
0.76375,-0.18034
0.75029,-0.08479
0.75769,0.05652
0.73616,0.15342
0.69848,0.21398
0.68367,0.25907
0.66348,0.25301
0.64666,0.20389
0.68906,0.1191
0.77922,0.03634
0.88218,-0.03297
0.98648,-0.05989
1.0632,-0.0572
1.0975,-0.01682
1.0921,0.05787
1.0538,0.16082
0.99052,0.24426
0.91381,0.28868
0.85123,0.29137
0.82162,0.25907
0.82027,0.19582
0.85055,0.12381
0.89833,0.0572
0.95485,0.02019
1.002,0.01279
1.0356,0.03701
1.0423,0.08344
1.0208,0.14602
0.97773,0.21331
0.92659,0.26041
0.88218,0.27791
0.84988,0.26647
0.83911,0.23552
0.84517,0.19514
0.87007,0.15073
0.90169,0.13122
0.93736,0.14467
0.97504,0.17361
1.0046,0.20456
1.0181,0.23619
1.008,0.26512
0.97235,0.29002
0.91448,0.30079
0.84988,0.29541
0.78999,0.27522
0.72337,0.20995
0.6581,0.10094
0.57399,0.04508
0.4966,0.10228
0.45421,0.17294
0.47238,0.2234
0.44546,0.30012
0.40509,0.39298
0.38221,0.47036
0.35462,0.47709
0.35462,0.39769
0.4172,0.32299
0.42931,0.27185
0.42931,0.21668
0.44748,0.18168
0.45219,0.17294
0.50602,0.2086
0.63051,0.27589
0.76711,0.35193
0.87881,0.43469
0.99791,0.50535
1.0645,0.53697
1.0726,0.50535
1.0632,0.432
1.0282,0.35596
0.97974,0.29271
0.91043,0.25368
0.82699,0.24224
0.72942,0.23484
0.64531,0.24426
0.58273,0.24695
0.5215,0.25974
0.45824,0.30348
0.41922,0.37413
0.40845,0.48045
0.40912,0.5538
0.4071,0.61436
0.39903,0.63993
0.38288,0.64598
0.3674,0.67626
0.37211,0.72539
0.38692,0.76172
0.35596,0.72808
0.33645,0.65675
0.31424,0.57533
0.28396,0.57802
0.29137,0.65339
0.29742,0.72673
0.31963,0.77787
0.37144,0.76374
0.38961,0.71529
0.3674,0.60426
0.33914,0.48045
0.32703,0.33645
0.38423,0.216
0.44748,0.18303
0.49862,0.21264
0.55514,0.27387
0.5834,0.33039
0.58475,0.38221
0.576,0.41787
0.56524,0.38826
0.53765,0.3055
0.5114,0.21398
0.49727,0.19245
0.45959,0.19918
0.47238,0.21802
0.52082,0.24628
0.56725,0.29069
0.62378,0.32299
0.6951,0.34318
0.7449,0.33847
0.72875,0.32165
0.67761,0.29473
0.63656,0.24965
0.59888,0.20052
0.56524,0.16486
0.53765,0.1588
0.52419,0.18707
0.55447,0.21667
0.60023,0.26041
0.66011,0.30011
0.75701,0.32837
0.84516,0.32165
0.91043,0.30684
0.95619,0.27858
0.97234,0.24157
0.96426,0.20793
0.91514,0.17899
0.86064,0.15006
0.82363,0.12785
0.79335,0.11036
0.76778,0.10161
0.74355,0.10093
0.7523,0.11574
0.77047,0.14064
0.7846,0.17159
0.79873,0.18908
0.82363,0.19514
0.8566,0.19649
0.87746,0.18639
0.89226,0.16621
0.89025,0.144
0.87881,0.12381
0.86669,0.11843
0.8492,0.12852
0.8344,0.14064
0.82699,0.16284
0.83036,0.18572
0.83709,0.20254
0.84516,0.20793
0.85929,0.19918
0.87208,0.18101
0.88352,0.16621
0.89496,0.15073
0.90168,0.14467
0.8963,0.13862
0.88621,0.14064
0.87948,0.15544
0.87275,0.17361
0.85727,0.18437
0.85189,0.18774
0.84987,0.18303
0.84651,0.17495
0.83911,0.17428
0.81892,0.19985
0.78595,0.26041
0.73346,0.35125
0.69712,0.43537
0.69241,0.45959
0.69645,0.42931
0.72673,0.36875
0.80344,0.3351
0.88621,0.28262
0.91985,0.2732
0.92927,0.29204
0.92658,0.35731
0.88083,0.42191
0.79604,0.46565
0.74894,0.53832
0.69914,0.55581
0.64262,0.54303
0.64195,0.55851
0.65137,0.59081
0.65069,0.61772
0.66953,0.63051
0.68299,0.63118
0.6877,0.60628
0.67492,0.55178
0.67828,0.504
0.6803,0.50938
0.6803,0.54976
0.68501,0.57331
0.72404,0.57331
0.78662,0.55985
0.81623,0.53899
0.8566,0.52419
0.90976,0.52486
0.95821,0.50131
0.97638,0.4791
1.0147,0.46834
1.0571,0.46295
1.0827,0.44479
1.1009,0.41249
1.1103,0.38692
1.0928,0.37279
1.0612,0.37346
1.0316,0.37884
1.004,0.38759
0.9757,0.39297
0.95955,0.40509
0.96426,0.40643
0.98176,0.40509
1.0073,0.40845
1.0322,0.39499
1.0484,0.36606
1.0544,0.33578
1.0578,0.29137
1.0302,0.26108
0.98849,0.25368
0.94542,0.26512
0.9037,0.28531
0.86939,0.30415
0.85727,0.32501
0.86669,0.3351
0.89563,0.32636
0.93802,0.3028
0.97974,0.26983
1.008,0.23619
1.0208,0.20994
1.0141,0.18639
0.98714,0.17563
0.95081,0.17361
0.91649,0.17966
0.88823,0.19312
0.86939,0.20793
0.86468,0.21667
0.87477,0.22408
0.90168,0.22408
0.93735,0.21667
0.9784,0.19716
1.0154,0.16957
1.0423,0.144
1.0457,0.12314
1.0302,0.1117
1.0026,0.10968
0.96897,0.11507
0.936,0.13054
0.90774,0.14938
0.90101,0.1615
0.90909,0.16486
0.92927,0.1588
0.95754,0.144
0.98512,0.12718
1.0046,0.10901
1.0154,0.09219
1.0181,0.08075
1.0147,0.07873
1.0019,0.09219
0.98378,0.10901
0.96763,0.11708
0.9535,0.11978
0.9461,0.11641
0.95552,0.11776
0.96965,0.12314
0.99387,0.12247
1.0107,0.12785
1.0302,0.13525
1.043,0.13996
1.0383,0.14064
1.0329,0.14064
1.0194,0.14265
1.0019,0.15275
0.98243,0.15813
0.96292,0.16486
0.95013,0.16755
0.94408,0.17159
0.95081,0.17361
0.96157,0.17226
0.97907,0.17092
1.0013,0.16755
1.0201,0.16553
1.0289,0.16419
1.0302,0.16486
1.0242,0.1689
1.01,0.17563
0.99656,0.18034
0.98512,0.18437
0.97436,0.18236
0.97032,0.18236
0.97234,0.17966
0.98109,0.17428
0.9932,0.16688
1.006,0.16284
1.0161,0.1615
1.0248,0.16486
1.0235,0.1689
1.0194,0.17092
1.0107,0.17428
1.0006,0.17495
0.98916,0.17495
0.98512,0.16957
0.98311,0.16486
0.98782,0.16015
0.99858,0.1588
1.0093,0.15544
1.0201,0.15342
1.0309,0.15409
1.0369,0.15679
1.039,0.16217
1.0369,0.16419
1.0349,0.16755
1.0289,0.17024
1.0228,0.17024
1.0181,0.16755
1.0154,0.16419
1.0141,0.1588
1.0161,0.15275
1.0194,0.15006
1.0215,0.14804
1.0255,0.14804
1.0255,0.15073
1.0228,0.15409
1.0208,0.16217
1.0154,0.1689
1.01,0.17495
1.0033,0.18034
1.0006,0.18168
0.99858,0.17832
1.0006,0.17294
1.0033,0.1689
1.0046,0.16284
1.008,0.15948
1.01,0.15477
1.008,0.15275
1.006,0.15275
1.0013,0.15275
0.99589,0.1514
0.99118,0.1514
0.9858,0.15073
0.98176,0.14736
0.98041,0.14736
0.98041,0.14535
0.97772,0.144
0.98109,0.14467
0.98109,0.14669
0.9858,0.14871
0.9858,0.15477
0.98445,0.1588
0.98041,0.16486
0.97705,0.17024
0.97167,0.17563
0.96494,0.17899
0.95955,0.18034
0.95417,0.18168
0.94879,0.18908
0.94071,0.1911
0.93129,0.19581
0.91985,0.2012
0.91178,0.20927
0.91043,0.21869
0.91178,0.22946
0.92524,0.24023
0.95081,0.25032
0.97503,0.25166
0.99455,0.25839
1.0154,0.28396
1.039,0.3055
1.0484,0.29944
1.045,0.26176
1.0376,0.20793
1.0228,0.1615
1.0154,0.13189
1.0174,0.12449
1.0181,0.1292
1.0194,0.14938
1.0067,0.19043
0.99724,0.24494
0.98849,0.27118
0.97638,0.2631
0.96426,0.23282
0.95821,0.20591
0.95215,0.17294
0.94071,0.13929
0.92322,0.11574
0.92322,0.10026
0.92995,0.0969
0.94139,0.10363
0.95955,0.12314
0.9858,0.15813
1.0073,0.2012
1.0208,0.24426
1.0188,0.28666
0.99455,0.35327
0.95955,0.40105
0.91716,0.43537
0.87746,0.46632
0.85122,0.48314
0.83641,0.46363
0.82699,0.4246
0.81892,0.36337
0.80882,0.27993
0.79469,0.216
0.79537,0.17428
0.80008,0.14736
0.80344,0.13391
0.82161,0.1615
0.8169,0.21667
0.8169,0.25839
0.82094,0.29137
0.79806,0.33712
0.79604,0.37952
0.80882,0.40845
0.79739,0.42662
0.77316,0.42191
0.76172,0.38826
0.77114,0.35193
0.76509,0.32299
0.75768,0.32501
0.7523,0.33039
0.76576,0.33174
0.7846,0.36
0.76374,0.41518
0.71596,0.47843
0.67088,0.51073
0.62041,0.49324
0.56456,0.47439
0.55312,0.48852
0.57398,0.53226
0.61503,0.55245
0.63656,0.54976
0.67088,0.55312
0.69376,0.54101
0.67088,0.50669
0.56524,0.47305
0.42595,0.44209
0.35596,0.42729
0.34991,0.44344
0.34049,0.45824
0.36471,0.4717
0.42056,0.49593
0.49862,0.54774
0.59215,0.60561
0.69107,0.60157
0.76711,0.52217
0.8317,0.41249
0.89294,0.3129
0.91985,0.21264
0.91514,0.12785
0.90236,0.07873
0.89159,0.08277
0.88755,0.13794
0.87813,0.22138
0.86602,0.30819
0.86939,0.38423
0.87679,0.42998
0.88554,0.44209
0.88957,0.42527
0.89563,0.38288
0.9064,0.31492
0.91851,0.24897
0.93062,0.18437
0.92793,0.12987
0.92456,0.10968
0.92187,0.11843
0.91514,0.14602
0.91043,0.18976
0.9212,0.23215
0.93331,0.26781
0.9461,0.28262
0.96023,0.28194
0.97907,0.26176
0.99926,0.23013
1.0107,0.1911
1.0215,0.14736
1.0275,0.11641
1.0316,0.10026
1.0275,0.10632
1.0194,0.12718
1.0114,0.15813
1.0053,0.18774
1.0026,0.20658
1.0046,0.21264
1.008,0.20725
1.0107,0.19043
1.0147,0.1615
1.0141,0.12852
1.008,0.10295
0.99589,0.0895
0.98445,0.09151
0.97772,0.10228
0.97436,0.12314
0.97234,0.14871
0.97369,0.17024
0.9784,0.18303
0.98445,0.18841
0.98849,0.18168
0.99118,0.16688
0.98983,0.14804
0.9858,0.1292
0.98041,0.11574
0.97167,0.1117
0.96225,0.11574
0.94879,0.1292
0.94273,0.144
0.93533,0.1588
0.93331,0.17361
0.93802,0.18034
0.94744,0.18168
0.95754,0.1763
0.9683,0.16284
0.98109,0.14871
0.98849,0.1366
0.9932,0.12987
0.99522,0.12852
0.9932,0.13323
0.98849,0.14265
0.98445,0.15342
0.98243,0.1615
0.98109,0.16755
0.98243,0.16688
0.98849,0.16419
0.9932,0.15948
0.99791,0.15073
1.0026,0.14064
1.004,0.13323
1.0053,0.1292
1.004,0.1292
1.0033,0.13054
1.0019,0.13727
1.0019,0.14602
1.004,0.15409
1.0067,0.1615
1.0134,0.16284
1.0215,0.16351
1.0289,0.16351
1.0369,0.16217
1.0423,0.1588
1.0416,0.1514
1.0383,0.14602
1.0336,0.14669
1.0316,0.15208
1.0322,0.1615
1.0342,0.17294
1.041,0.17899
1.043,0.17495
1.0416,0.16553
1.0416,0.15679
1.0376,0.15073
1.0289,0.14333
1.0201,0.13862
1.0127,0.13794
1.0073,0.14131
1.0013,0.14333
1.0026,0.14333
1.0033,0.13794
1.0026,0.13323
1.0026,0.12651
1.0019,0.12045
0.99656,0.11507
0.98782,0.10834
0.97907,0.10093
0.96494,0.09488
0.94879,0.09151
0.9286,0.09555
0.90505,0.09959
0.87813,0.10093
0.85458,0.10228
0.83709,0.09757
0.82901,0.08613
0.83574,0.07806
0.86064,0.08209
0.88486,0.08748
0.89967,0.08815
0.91043,0.08546
0.92658,0.09017
0.95013,0.10093
0.95955,0.12112
0.96157,0.13794
0.95619,0.14938
0.94071,0.15813
0.91649,0.16284
0.88284,0.15477
0.85525,0.1366
0.8344,0.11843
0.82296,0.10699
0.82632,0.09488
0.8418,0.08882
0.85929,0.09892
0.87611,0.12045
0.89563,0.14938
0.9138,0.1763
0.92524,0.19783
0.93197,0.20725
0.93398,0.20254
0.92995,0.19447
0.92726,0.17966
0.9286,0.15006
0.92187,0.11036
0.89967,0.07536
0.86333,0.07335
0.82901,0.1043
0.81555,0.14535
0.82296,0.17966
0.85054,0.20187
0.8963,0.20523
0.94475,0.17361
0.98714,0.13054
1.0154,0.07738
1.0282,0.03095
1.0073,0
0.95955,-0.00404
0.91245,0.00404
0.88352,0.03095
0.86266,0.06662
0.84987,0.11036
0.8492,0.15342
0.85525,0.18639
0.86602,0.19985
0.88688,0.2012
0.90774,0.19178
0.92053,0.16419
0.89832,0.144
0.84314,0.13458
0.78998,0.12785
0.73413,0.12179
0.6877,0.12247
0.67828,0.12718
0.70924,0.13054
0.75499,0.13996
0.80815,0.14871
0.86266,0.13727
0.89428,0.11439
0.88621,0.08546
0.84045,0.07536
0.78998,0.09488
0.71731,0.13794
0.63791,0.19043
0.58206,0.23955
0.56793,0.25301
0.57398,0.25705
0.60292,0.24965
0.65742,0.22677
0.70183,0.21398
0.73279,0.21735
0.75768,0.2308
0.77854,0.23686
0.79402,0.23215
0.80882,0.21264
0.81219,0.17159
0.82699,0.14265
0.84314,0.12449
0.8566,0.12651
0.86737,0.14669
0.86535,0.17765
0.864,0.19851
0.87342,0.20591
0.88083,0.19447
0.87881,0.17428
0.87948,0.14669
0.88419,0.1292
0.89226,0.11776
0.89967,0.10834
0.89899,0.1043
0.90101,0.11372
0.90101,0.13593
0.9037,0.16015
0.91043,0.1763
0.91649,0.18976
0.91582,0.2012
0.91649,0.21667
0.90236,0.25099
0.87006,0.30482
0.83372,0.37682
0.792,0.45286
0.72942,0.51746
0.69712,0.53092
0.69914,0.49525
0.7274,0.44681
0.77316,0.37548
0.81354,0.3028
0.8418,0.25974
0.8566,0.25301
0.83843,0.25166
0.79671,0.27858
0.76239,0.34318
0.73481,0.39028
0.72471,0.3997
0.75028,0.37952
0.7994,0.36808
0.83978,0.34654
0.88284,0.32232
0.92591,0.29944
0.94139,0.28666
0.91783,0.28867
0.86333,0.30415
0.78729,0.32972
0.72202,0.34856
0.66146,0.36875
0.6157,0.37817
0.60426,0.37884
0.62916,0.36606
0.65877,0.34789
0.68165,0.33107
0.70116,0.3351
0.71596,0.34789
0.72,0.33309
0.70856,0.30886
0.69847,0.288
0.68838,0.27118
0.68232,0.27656
0.68972,0.29406
0.69309,0.31223
0.70722,0.33443
0.74086,0.36673
0.77451,0.3775
0.80815,0.35731
0.84112,0.32501
0.87679,0.29944
0.91783,0.27118
0.95013,0.24292
0.96561,0.21196
0.96292,0.19447
0.94677,0.18908
0.92793,0.19447
0.90101,0.21465
0.8815,0.23888
0.87746,0.26041
0.88083,0.28194
0.89899,0.30213
0.92793,0.3129
0.95215,0.29944
0.96561,0.26243
0.96763,0.22273
0.95686,0.19447
0.93937,0.17697
0.91918,0.17024
0.90236,0.17159
0.89092,0.18774
0.88486,0.21129
0.8889,0.25032
0.89563,0.28666
0.89899,0.30819
0.89967,0.31761
0.90572,0.31155
0.90841,0.3055
0.90101,0.30011
0.89226,0.29675
0.89226,0.30415
0.89226,0.30886
0.8963,0.30751
0.90707,0.30751
0.91649,0.30886
0.92322,0.30213
0.93735,0.28867
0.95148,0.27185
0.95888,0.26176
0.95484,0.24897
0.95552,0.23753
0.95013,0.22206
0.94744,0.21465
0.95081,0.20523
0.9535,0.19783
0.95619,0.18976
0.96292,0.18438
0.96696,0.18034
0.96494,0.18236
0.95821,0.18101
0.95014,0.1763
0.93803,0.17024
0.92524,0.15813
0.91986,0.14871
0.91784,0.14333
0.91784,0.14871
0.92322,0.15948
0.93062,0.17226
0.94072,0.18438
0.95283,0.1938
0.96427,0.19716
0.97033,0.1938
0.97167,0.18505
0.97302,0.1763
0.96831,0.1689
0.96023,0.16621
0.9535,0.16553
0.94677,0.16957
0.94543,0.17361
0.94812,0.18034
0.9535,0.18572
0.95687,0.18976
0.96091,0.19447
0.96427,0.19514
0.96158,0.19783
0.95216,0.19716
0.94005,0.19716
0.92188,0.19783
0.90236,0.19581
0.88958,0.18774
0.88554,0.1763
0.8889,0.1689
0.89967,0.16823
0.91313,0.16957
0.92659,0.17361
0.94005,0.17899
0.94745,0.18101
0.94947,0.17967
0.94408,0.17226
0.93197,0.15948
0.91717,0.14333
0.90438,0.13391
0.89429,0.12852
0.89025,0.12852
0.8916,0.13189
0.89833,0.14131
0.90707,0.15006
0.92255,0.15813
0.9387,0.16284
0.95216,0.1615
0.95956,0.15477
0.9636,0.14602
0.96225,0.13391
0.95418,0.12583
0.94341,0.11843
0.93197,0.11305
0.92524,0.11103
0.91919,0.11439
0.92188,0.11978
0.92995,0.12785
0.9387,0.12987
0.95081,0.13054
0.96023,0.12852
0.96629,0.12314
0.96898,0.11574
0.96898,0.10968
0.96427,0.10565
0.95821,0.10228
0.95148,0.10228
0.94812,0.10497
0.9461,0.10901
0.95014,0.11103
0.9535,0.11305
0.96023,0.11372
0.96763,0.11036
0.97638,0.10497
0.98244,0.09892
0.98648,0.09219
0.98782,0.08815
0.98648,0.08613
0.98311,0.08748
0.9784,0.09555
0.97504,0.10295
0.971,0.10968
0.96763,0.11574
0.96831,0.11978
0.96898,0.12045
0.97167,0.12045
0.97436,0.1191
0.97773,0.11305
0.98042,0.10968
0.98109,0.10901
0.98042,0.1117
0.97907,0.1191
0.97975,0.12583
0.97773,0.13122
0.97907,0.13862
0.97975,0.14266
0.98177,0.14602
0.98513,0.14669
0.98715,0.14198
0.99051,0.13795
0.99186,0.13323
0.99388,0.13054
0.99388,0.1292
0.99388,0.13054
0.99388,0.13391
0.99186,0.13929
0.99253,0.144
0.99186,0.14938
0.99455,0.15073
0.99522,0.15073
0.99791,0.14871
0.99724,0.14535
0.99791,0.14198
0.99724,0.13996
0.9959,0.14064
0.99388,0.14266
0.98984,0.14804
0.98849,0.15275
0.98513,0.15948
0.98378,0.16621
0.98109,0.17226
0.98042,0.17495
0.9784,0.17967
0.97571,0.18303
0.97033,0.18707
0.96562,0.19245
0.96158,0.19783
0.95418,0.20725
0.94745,0.21533
0.94341,0.22475
0.94139,0.23013
0.94139,0.23417
0.94206,0.23753
0.94274,0.23821
0.94341,0.23282
0.94206,0.22206
0.93937,0.20658
0.93668,0.18774
0.93534,0.18236
0.93332,0.18841
0.94072,0.20053
0.95754,0.20658
0.97436,0.21196
0.98177,0.21667
0.98782,0.216
0.99186,0.20591
0.9858,0.19851
0.96696,0.2012
0.92995,0.22946
0.88756,0.27993
0.84853,0.36135
0.8196,0.45152
0.78797,0.54438
0.78326,0.60561
0.78057,0.61571
0.77047,0.58744
0.76644,0.54034
0.7698,0.47238
0.75634,0.41922
0.73077,0.35866
0.69376,0.29944
0.64868,0.25503
0.60763,0.21533
0.576,0.18774
0.56591,0.16957
0.58341,0.18438
0.6009,0.2261
0.62916,0.26445
0.66483,0.28329
0.67761,0.28397
0.67358,0.24897
0.65272,0.1689
0.62311,0.08748
0.58139,0.05854
0.54909,0.04239
0.54034,0.06258
0.53698,0.13256
0.52486,0.21129
0.52352,0.27791
0.54774,0.30146
0.56457,0.26243
0.59619,0.20591
0.6507,0.1615
0.7052,0.1366
0.74827,0.11978
0.79537,0.11843
0.8492,0.11574
0.86199,0.11439
0.84449,0.11439
0.83238,0.1117
0.81152,0.1117
0.78124,0.09084
0.79403,0.0794
0.8196,0.07604
0.85055,0.06931
0.89092,0.06393
0.93601,0.05652
0.96696,0.05249
0.97571,0.06056
0.97571,0.07133
0.96225,0.08075
0.94072,0.09421
0.91851,0.10968
0.90573,0.12583
0.89967,0.13256
0.90034,0.13525
0.91044,0.13189
0.93264,0.12785
0.95014,0.1191
0.96965,0.10497
0.98513,0.09219
0.98849,0.08882
0.98446,0.08815
0.97234,0.09353
0.9535,0.10094
0.93332,0.11237
0.92322,0.12718
0.92255,0.13525
0.92591,0.13929
0.93803,0.13862
0.95821,0.13593
0.97706,0.13256
0.99051,0.1292
0.99859,0.1218
1.0006,0.12112
0.99455,0.12449
0.98513,0.13256
0.97167,0.14131
0.96091,0.14871
0.9535,0.15544
0.95216,0.15948
0.95552,0.15813
0.9636,0.15208
0.97638,0.14266
0.98648,0.13525
0.98984,0.1292
0.98715,0.12449
0.98177,0.12449
0.96898,0.12651
0.95418,0.12987
0.94274,0.13929
0.93466,0.14871
0.93332,0.15342
0.94005,0.15342
0.95619,0.14602
0.97436,0.13189
0.99253,0.11439
1.0053,0.09824
1.0127,0.08546
1.0114,0.07806
1.0067,0.0794
0.99455,0.08546
0.98177,0.0969
0.97234,0.10766
0.96965,0.11978
0.97234,0.13189
0.9784,0.14266
0.98917,0.14602
1.0026,0.14467
1.0107,0.13391
1.0154,0.12314
1.01,0.11507
1.0053,0.11103
0.99253,0.11507
0.98311,0.11978
0.97234,0.12987
0.96763,0.13593
0.96831,0.14266
0.97571,0.144
0.98177,0.14198
0.98782,0.13795
0.99657,0.13256
1.0006,0.13054
0.99859,0.12852
0.99388,0.12247
0.98715,0.12516
0.98177,0.1292
0.97638,0.13189
0.97436,0.13323
0.97302,0.13862
0.97571,0.14064
0.97975,0.13996
0.98311,0.1366
0.9858,0.13122
0.9858,0.12987
0.98109,0.12852
0.97773,0.12987
0.97234,0.13256
0.96696,0.1366
0.96494,0.13929
0.96629,0.14131
0.96831,0.14266
0.971,0.14467
0.97504,0.14737
0.97773,0.15073
0.97907,0.15208
0.97706,0.15409
0.97436,0.15611
0.97033,0.15881
0.96158,0.15746
0.94812,0.15275
0.93466,0.14535
0.92524,0.13996
0.91784,0.13323
0.91649,0.13054
0.91919,0.13256
0.9313,0.13323
0.94677,0.13458
0.95687,0.13795
0.96494,0.14131
0.96494,0.13996
0.95889,0.13189
0.94745,0.12651
0.93399,0.12449
0.92053,0.12718
0.90842,0.13727
0.89496,0.14669
0.89362,0.15208
0.90573,0.15275
0.91986,0.14938
0.92928,0.14602
0.92793,0.15208
0.92255,0.1763
0.90976,0.20658
0.899,0.24292
0.89496,0.27185
0.8916,0.28935
0.88487,0.28935
0.87747,0.29675
0.86333,0.29069
0.8418,0.28464
0.82296,0.28666
0.80681,0.29742
0.7947,0.30281
0.78595,0.30348
0.77922,0.28935
0.7873,0.26445
0.80681,0.23013
0.82296,0.19178
0.83709,0.14064
0.84853,0.09959
0.8492,0.08546
0.84584,0.09824
0.84584,0.12852
0.84853,0.17024
0.85661,0.216
0.86603,0.25368
0.86468,0.30011
0.87141,0.33982
0.87948,0.36068
0.8741,0.35462
0.86939,0.32838
0.86939,0.29742
0.87208,0.27387
0.85862,0.27925
0.83171,0.32568
0.78393,0.4024
0.72135,0.5538
0.65944,0.71059
0.62176,0.81152
0.61974,0.8889
0.6258,0.92995
0.63387,0.93534
0.65541,0.88689
0.64397,0.80681
0.63791,0.7227
0.63186,0.65675
0.62311,0.60359
0.59148,0.54438
0.56053,0.48382
0.51544,0.48718
0.48853,0.51679
0.4717,0.53159
0.47709,0.53428
0.49728,0.53159
0.51881,0.52688
0.53428,0.51544
0.52621,0.52621
0.50266,0.53496
0.46834,0.54034
0.44142,0.53025
0.45354,0.50333
0.48987,0.4966
0.52957,0.50199
0.58072,0.51073
0.62782,0.52015
0.65473,0.51073
0.67223,0.51814
0.67559,0.52621
0.6406,0.52083
0.61705,0.50737
0.61772,0.4744
0.62782,0.432
0.65944,0.39365
0.72337,0.36135
0.78191,0.36068
0.81085,0.37413
0.82498,0.39903
0.81421,0.45892
0.79066,0.49593
0.80412,0.50266
0.85862,0.49997
0.91515,0.49055
0.97302,0.45488
1.0322,0.4024
1.0517,0.36673
1.0154,0.36337
0.95081,0.37413
0.86064,0.37884
0.77922,0.37144
0.73212,0.36471
0.75365,0.34385
0.81623,0.30281
0.8889,0.2483
0.96965,0.20793
1.043,0.18707
1.0908,0.17765
1.0962,0.18303
1.0699,0.19581
1.0221,0.21331
0.96965,0.24225
0.92188,0.26445
0.88352,0.26916
0.86535,0.27454
0.88689,0.28733
0.94072,0.29002
1.0026,0.25839
1.078,0.20389
1.1325,0.15544
1.152,0.14266
1.1197,0.13929
1.0625,0.1366
0.98984,0.13593
0.91313,0.14602
0.84247,0.16755
0.79806,0.19783
0.79806,0.21802
0.83575,0.22946
0.90034,0.22677
0.96629,0.20995
1.0201,0.17495
1.041,0.14871
1.0383,0.1292
1.0141,0.13054
0.97773,0.15006
0.91784,0.17832
0.85593,0.20658
0.81354,0.23013
0.78662,0.24561
0.77317,0.23552
0.7772,0.2086
0.80412,0.17361
0.83709,0.14131
0.88218,0.11305
0.93264,0.09757
0.97975,0.10026
1.0154,0.11776
1.043,0.13795
1.0497,0.16755
1.0369,0.19851
1.0174,0.22139
0.99724,0.22811
0.98109,0.22071
0.96965,0.20524
0.96898,0.18707
0.9784,0.16823
0.99388,0.14871
1.012,0.13929
1.0356,0.14131
1.0531,0.16082
1.0585,0.19178
1.0659,0.2234
1.0793,0.24494
1.084,0.24965
1.0814,0.25167
1.1029,0.25368
1.1258,0.22946
1.1406,0.1938
1.1338,0.17092
1.1258,0.17024
1.1076,0.16755
1.0639,0.14467
1.0228,0.11709
0.98782,0.10161
0.94341,0.10834
0.91178,0.11439
0.90236,0.11843
0.90909,0.12785
0.93197,0.13929
0.971,0.16217
1.0026,0.17428
1.0363,0.16755
1.0612,0.15477
1.0679,0.14198
1.0524,0.13189
1.0255,0.12247
0.9932,0.11103
0.9636,0.10295
0.94543,0.0969
0.94274,0.09824
0.94812,0.10363
0.96831,0.1117
0.99926,0.11507
1.0275,0.11843
1.0423,0.12112
1.0511,0.12381
1.047,0.12112
1.0343,0.1117
1.0154,0.10094
0.99388,0.09286
0.97638,0.09017
0.96763,0.09084
0.96763,0.09084
0.97907,0.09353
1.0013,0.10026
1.0242,0.10968
1.047,0.11709
1.0639,0.1191
1.0719,0.11843
1.074,0.11709
1.0679,0.11507
1.0598,0.10834
1.0524,0.10026
1.0524,0.09151
1.0558,0.0895
1.0618,0.09286
1.0706,0.09959
1.0814,0.10834
1.0921,0.11978
1.0948,0.13256
1.084,0.15073
1.0666,0.16284
1.0477,0.17563
1.0343,0.19514
1.0235,0.22071
1.0188,0.24292
1.0262,0.24763
1.0309,0.23888
1.0316,0.22677
1.0268,0.21129
1.0268,0.1938
1.0282,0.17697
1.0268,0.17024
1.0168,0.17024
1.0067,0.17226
0.98849,0.17765
0.97504,0.18976
0.96494,0.2012
0.95889,0.21264
0.95821,0.22139
0.96763,0.22273
0.98311,0.21667
0.99993,0.2086
1.0154,0.19918
1.0221,0.19649
1.0194,0.20456
1.01,0.22475
0.98849,0.23484
0.96629,0.22677
0.95418,0.20322
0.95956,0.17832
0.96696,0.15813
0.97167,0.15342
0.97975,0.1689
0.99051,0.19851
1.008,0.22879
1.0248,0.24763
1.0349,0.23686
1.0268,0.19447
1.006,0.14737
0.97773,0.11507
0.94408,0.09892
0.9064,0.10228
0.85795,0.14131
0.8021,0.21802
0.7624,0.32165
0.72606,0.42393
0.69242,0.51679
0.6803,0.58744
0.69847,0.60494
0.73414,0.55514
0.77653,0.45556
0.82161,0.35462
0.83911,0.28666
0.84853,0.27993
0.84315,0.32299
0.82969,0.40105
0.82498,0.4892
0.83575,0.5787
0.85795,0.63387
0.87948,0.63387
0.8815,0.60359
0.88083,0.56053
0.85862,0.50602
0.83776,0.43806
0.80816,0.36135
0.7375,0.29069
0.64868,0.20524
0.58744,0.15208
0.55043,0.12852
0.53765,0.11237
0.56995,0.13593
0.63993,0.16688
0.70924,0.19245
0.74625,0.23215
0.77788,0.25301
0.81018,0.25301
0.81018,0.25167
0.79672,0.25368
0.79537,0.26041
0.77653,0.25368
0.73683,0.23753
0.70049,0.25638
0.68569,0.31021
0.68703,0.37279
0.7126,0.41855
0.75567,0.44479
0.78864,0.43873
0.82902,0.4172
0.86939,0.37279
0.89227,0.33309
0.90842,0.26176
0.92188,0.18774
0.91919,0.13795
0.899,0.11641
0.86333,0.11709
0.83911,0.13929
0.83104,0.18034
0.83978,0.22408
0.87545,0.24965
0.92995,0.25772
0.99119,0.25368
1.043,0.23282
1.076,0.20927
1.08,0.18303
1.0652,0.15679
1.0369,0.14602
0.99724,0.1615
0.9461,0.19716
0.90304,0.24494
0.88554,0.28262
0.88689,0.30483
0.90505,0.32367
0.92524,0.33511
0.95148,0.33107
0.97302,0.29473
0.95014,0.26849
0.88218,0.25503
0.80345,0.25503
0.72808,0.26445
0.67358,0.25907
0.64868,0.26512
0.63858,0.29877
0.63589,0.35866
0.64599,0.42191
0.66281,0.4717
0.68367,0.4966
0.70251,0.49728
0.7227,0.48718
0.73279,0.45556
0.7301,0.40912
0.73414,0.36673
0.73817,0.33712
0.75096,0.32838
0.7624,0.34991
0.75903,0.38759
0.74154,0.43537
0.75365,0.48785
0.79874,0.54438
0.86535,0.58879
0.93466,0.59417
0.99388,0.55582
1.0094,0.4892
1.004,0.41518
0.96629,0.34654
0.89496,0.30348
0.81219,0.27051
0.72472,0.24897
0.64531,0.23753
0.6083,0.23888
0.62378,0.25772
0.65204,0.30617
0.67627,0.36068
0.70722,0.38826
0.74961,0.3997
0.75836,0.39365
0.75971,0.38019
0.76374,0.38221
0.73279,0.40509
0.70789,0.42998
0.71328,0.42998
0.74625,0.41653
0.80614,0.41451
0.87747,0.41451
0.95754,0.40576
1.0134,0.3997
1.0215,0.40913
1.0047,0.41721
0.96295,0.41519
0.89902,0.38356
0.83375,0.32233
0.78731,0.25033
0.77453,0.18842
0.79068,0.15275
0.83711,0.14064
0.90777,0.15477
0.98919,0.19447
1.078,0.25302
1.1453,0.31022
1.1594,0.34453
1.1251,0.34588
1.0726,0.32771
1.0067,0.29743
0.92863,0.24763
0.86672,0.18236
0.84519,0.11843
0.85999,0.07133
0.90306,0.05451
0.96227,0.06124
1.0181,0.08008
1.0625,0.11372
1.0888,0.16015
1.0854,0.19313
1.0598,0.20457
1.0161,0.2012
0.97371,0.18909
0.93603,0.1615
0.90979,0.13055
0.89969,0.10901
0.90575,0.10565
0.92594,0.11574
0.94545,0.1366
0.95958,0.16621
0.96026,0.19044
0.95353,0.20659
0.92997,0.21332
0.90306,0.20928
0.87816,0.19649
0.85663,0.18236
0.84519,0.17361
0.83509,0.17294
0.83644,0.18169
0.8499,0.19918
0.8721,0.23619
0.90238,0.27388
0.93603,0.28936
0.96429,0.28128
0.99592,0.25302
1.0188,0.21533
1.0269,0.17227
1.0215,0.13055
1.0127,0.1117
0.99794,0.11103
0.98583,0.13055
0.98583,0.15612
0.99457,0.18505
1.0114,0.2113
1.0376,0.22947
1.0632,0.23081
1.0827,0.21399
1.0908,0.18573
1.0847,0.15679
1.0652,0.12785
1.0383,0.10094
1.0074,0.0794
0.97641,0.072
0.95016,0.07469
0.92997,0.08008
0.92055,0.08815
0.92055,0.08815
0.91988,0.08411
0.9219,0.07537
0.92055,0.06527
0.91853,0.05114
0.91584,0.03634
0.90911,0.02624
0.89633,0.02961
0.8795,0.04307
0.86403,0.06124
0.85393,0.08546
0.85057,0.11709
0.85393,0.14602
0.86268,0.17361
0.88018,0.18842
0.91248,0.1864
0.94411,0.16958
0.97035,0.14602
0.99592,0.11911
1.0134,0.09825
1.0154,0.08411
1.0134,0.0821
1.0047,0.09421
0.98583,0.1117
0.96833,0.1292
0.95285,0.14266
0.94209,0.14804
0.93738,0.14535
0.93738,0.13593
0.94411,0.12247
0.95151,0.10632
0.95554,0.09757
0.95891,0.09757
0.95622,0.09959
0.94814,0.11036
0.93872,0.12314
0.92661,0.1366
0.91786,0.14199
0.91382,0.13929
0.91517,0.12987
0.91988,0.11507
0.92459,0.09892
0.92997,0.09017
0.93603,0.08748
0.94343,0.09219
0.94747,0.09757
0.95016,0.10834
0.94882,0.12449
0.94545,0.1366
0.93939,0.14602
0.92594,0.15343
0.89767,0.16285
0.86739,0.17294
0.83913,0.1864
0.81894,0.19918
0.80952,0.20726
0.81692,0.21264
0.83577,0.2086
0.8647,0.19784
0.89633,0.18169
0.91988,0.15679
0.93065,0.12651
0.92795,0.10363
0.90709,0.09892
0.87614,0.10026
0.84317,0.10498
0.82298,0.11036
0.80616,0.12584
0.81221,0.14266
0.82836,0.15343
0.86134,0.15141
0.89565,0.13593
0.93468,0.10969
0.95554,0.08075
0.95958,0.06393
0.94814,0.06325
0.93738,0.07268
0.92795,0.08815
0.92728,0.10565
0.93065,0.12314
0.93872,0.13526
0.95016,0.13997
0.96227,0.13862
0.97102,0.13256
0.98044,0.12584
0.98852,0.12718
0.99054,0.12449
0.99054,0.11911
0.9865,0.11641
0.97775,0.12113
0.96631,0.13122
0.95218,0.13593
0.94411,0.13526
0.94141,0.13526
0.94478,0.1366
0.9542,0.13189
0.96766,0.12785
0.98112,0.11843
0.99256,0.10969
0.99592,0.10565
0.99525,0.10094
0.99121,0.10161
0.98246,0.10901
0.97573,0.11776
0.96833,0.1292
0.96564,0.13189
0.96564,0.13189
0.96766,0.12853
0.96631,0.11911
0.96631,0.10565
0.97304,0.09219
0.97842,0.08075
0.98583,0.07469
0.98919,0.07402
0.98919,0.08075
0.98515,0.09488
0.97842,0.11305
0.97102,0.12853
0.96429,0.13862
0.9616,0.14333
0.96362,0.13795
0.97035,0.12718
0.97842,0.11709
0.98313,0.10767
0.97977,0.10094
0.97708,0.10026
0.97169,0.10834
0.96631,0.11843
0.96026,0.12785
0.95958,0.13795
0.96698,0.14468
0.97842,0.1467
0.9865,0.13997
0.99457,0.1366
0.99928,0.13324
1.002,0.13055
0.99928,0.12516
0.99928,0.12651
0.99928,0.13189
0.99525,0.14468
0.99323,0.15746
0.99121,0.16621
0.99256,0.17227
0.99525,0.17227
0.99592,0.16554
0.99727,0.15208
1.002,0.13526
1.0067,0.12314
1.0107,0.11305
1.0141,0.11036
1.0141,0.11372
1.0134,0.1218
1.0127,0.13458
1.0101,0.14872
1.0074,0.15814
1.0047,0.16285
1.0026,0.1615
1.0033,0.15746
1.004,0.14602
1.0033,0.1366
1.0047,0.12718
1.0074,0.12247
1.0067,0.12382
1.008,0.13055
1.0074,0.144
1.0067,0.15679
1.008,0.16554
1.0101,0.16958
1.0127,0.16688
1.0094,0.16083
1.0094,0.14939
1.0053,0.13256
1.002,0.11978
0.99659,0.11036
0.99121,0.10834
0.98583,0.11036
0.97708,0.11843
0.97439,0.13055
0.97169,0.14602
0.96968,0.16015
0.97304,0.17159
0.97775,0.1763
0.98583,0.17294
0.99323,0.16217
0.99794,0.15141
0.99861,0.14131
0.99323,0.13728
0.98515,0.13593
0.97371,0.14468
0.95622,0.16352
0.93603,0.19111
0.92257,0.22879
0.91853,0.25436
0.91382,0.26446
0.90911,0.27119
0.90575,0.26849
0.89767,0.26244
0.8822,0.25907
0.86807,0.25033
0.85461,0.2409
0.83577,0.23754
0.82836,0.2335
0.81962,0.22408
0.8176,0.22206
0.81962,0.22812
0.82163,0.24023
0.80952,0.27321
0.79943,0.30954
0.79203,0.32637
0.79068,0.32233
0.78664,0.30416
0.78799,0.27724
0.7927,0.25436
0.80279,0.24629
0.81289,0.23687
0.81827,0.23216
0.825,0.23821
0.83442,0.25369
0.84115,0.29137
0.86134,0.32973
0.91046,0.35194
0.96429,0.34588
1.0053,0.31694
1.0262,0.27993
1.0275,0.24965
1.0107,0.2335
0.98583,0.22879
0.96968,0.22543
0.95218,0.22139
0.93872,0.21668
0.93603,0.19582
0.94007,0.16352
0.94882,0.13122
0.95016,0.11911
0.93132,0.12516
0.90508,0.15006
0.87479,0.1864
0.85326,0.21803
0.84788,0.24023
0.85259,0.24427
0.86201,0.22745
0.87076,0.19178
0.88287,0.16352
0.87278,0.15141
0.85663,0.15746
0.84653,0.17092
0.83644,0.18842
0.82702,0.21332
0.8176,0.24629
0.81423,0.29137
0.81692,0.32569
0.82231,0.34386
0.83038,0.34252
0.84586,0.32838
0.85797,0.30685
0.85124,0.27657
0.82904,0.25705
0.80077,0.24562
0.76982,0.25773
0.73483,0.28195
0.69445,0.31493
0.68301,0.34184
0.68503,0.3479
0.69445,0.32569
0.71262,0.30281
0.7429,0.26446
0.75636,0.23283
0.73079,0.20322
0.71329,0.20389
0.70858,0.24898
0.71195,0.32233
0.71599,0.36876
0.72473,0.38827
0.75905,0.3876
0.79674,0.37078
0.84249,0.33175
0.87076,0.29541
0.89229,0.27926
0.90508,0.26648
0.90508,0.27051
0.87749,0.27993
0.83846,0.28532
0.80818,0.29743
0.79135,0.32166
0.77588,0.34252
0.78193,0.33713
0.79875,0.3304
0.81625,0.32637
0.83375,0.31291
0.85663,0.29743
0.88354,0.29407
0.89431,0.2981
0.89094,0.3156
0.89296,0.3304
0.89633,0.33175
0.88623,0.33242
0.86672,0.3304
0.85124,0.32502
0.8499,0.31291
0.84922,0.2981
0.84586,0.28868
0.83846,0.29541
0.83577,0.31156
0.82702,0.33915
0.80414,0.3728
0.7853,0.39971
0.78193,0.42125
0.78866,0.42865
0.80548,0.41048
0.82634,0.37818
0.84855,0.34588
0.86941,0.31291
0.88085,0.29205
0.87681,0.27859
0.86134,0.27522
0.8398,0.27926
0.81692,0.28936
0.80077,0.29407
0.79337,0.29945
0.7927,0.30887
0.80548,0.30551
0.83038,0.29676
0.85124,0.29339
0.86672,0.29407
0.8795,0.30079
0.88085,0.30954
0.87008,0.32233
0.85663,0.33242
0.83846,0.3304
0.82365,0.32233
0.81692,0.31022
0.82298,0.29541
0.83778,0.29205
0.84855,0.30079
0.87076,0.32031
0.90642,0.33713
0.93805,0.33713
0.9542,0.32973
0.95891,0.31829
0.96093,0.29205
0.95622,0.2658
0.95218,0.23687
0.94814,0.21466
0.94074,0.20457
0.93267,0.20793
0.93334,0.21735
0.94343,0.23148
0.95151,0.24763
0.95218,0.26378
0.95285,0.28061
0.95622,0.28397
0.95824,0.27657
0.95083,0.26042
0.9367,0.24427
0.92526,0.23283
0.91652,0.22341
0.91113,0.21601
0.9118,0.21601
0.92123,0.22677
0.93065,0.23687
0.93939,0.24292
0.94949,0.24629
0.96497,0.2436
0.97439,0.23552
0.97506,0.22004
0.97237,0.20389
0.96698,0.18438
0.95353,0.17496
0.93872,0.17159
0.92459,0.17025
0.91517,0.17025
0.91988,0.17361
0.93199,0.18102
0.94478,0.1864
0.95958,0.18842
0.97708,0.18505
0.98583,0.1763
0.98583,0.16419
0.98313,0.15141
0.97102,0.14266
0.95487,0.13795
0.94074,0.13391
0.93199,0.13526
0.92257,0.14131
0.9145,0.14468
0.9118,0.14872
0.91046,0.14804
0.90979,0.14804
0.90844,0.15006
0.90104,0.15477
0.88893,0.16352
0.87076,0.1763
0.84922,0.1938
0.82971,0.20524
0.82298,0.20457
0.82163,0.18976
0.81221,0.16419
0.80212,0.12516
0.80279,0.10094
0.7927,0.0969
0.77655,0.10228
0.76376,0.11372
0.76309,0.14199
0.76578,0.17361
0.77789,0.18236
0.8001,0.18438
0.81625,0.18371
0.83173,0.17361
0.84922,0.16352
0.86201,0.15679
0.87008,0.15208
0.88018,0.14199
0.88893,0.1366
0.89633,0.13324
0.89969,0.1292
0.90709,0.12449
0.91382,0.1292
0.91652,0.14468
0.91652,0.15477
0.91988,0.15343
0.93132,0.14872
0.94411,0.13997
0.95151,0.13256
0.9468,0.1292
0.93805,0.13324
0.92459,0.144
0.90575,0.15814
0.89094,0.16958
0.88354,0.17429
0.88354,0.1689
0.89094,0.16487
0.90777,0.16621
0.92459,0.16285
0.9468,0.15073
0.96429,0.13256
0.97304,0.11372
0.97237,0.09421
0.9616,0.0794
0.94814,0.072
0.93603,0.07537
0.93334,0.08411
0.94209,0.09825
0.95016,0.10498
0.96093,0.10969
0.97439,0.11372
0.98044,0.11036
0.98583,0.10161
0.98583,0.09084
0.98919,0.08142
0.99188,0.072
0.99525,0.07469
0.99928,0.08748
0.99928,0.10296
0.99794,0.12113
0.99727,0.14064
0.99928,0.15948
1.0026,0.1689
1.006,0.17025
1.0094,0.16285
1.0107,0.14737
1.0087,0.13324
1.0074,0.12113
1.0013,0.1144
0.99659,0.11372
0.99525,0.11641
0.99659,0.12651
1.0006,0.13862
1.0047,0.14804
1.0087,0.15612
1.0127,0.15881
1.0175,0.15477
1.0201,0.14939
1.0201,0.14199
1.0188,0.13728
1.0154,0.13391
1.0107,0.13055
1.0053,0.13055
1.0026,0.13324
1.0006,0.1366
1.0026,0.13997
1.006,0.14199
1.0101,0.1467
1.0148,0.15141
1.0168,0.15275
1.0148,0.15544
1.0107,0.15477
1.0074,0.15343
1.0026,0.15006
1.002,0.14266
1.0033,0.13458
1.0053,0.12853
1.0026,0.12584
1.0013,0.12853
0.99794,0.13526
0.99592,0.14266
0.99323,0.15208
0.98919,0.15814
0.98381,0.16419
0.97708,0.16621
0.96968,0.16285
0.96026,0.16285
0.94612,0.16352
0.93267,0.16688
0.91315,0.17496
0.89565,0.18505
0.87345,0.19649
0.8472,0.20995
0.82096,0.22879
0.79943,0.251
0.77924,0.27724
0.75973,0.30281
0.74694,0.323
0.74694,0.33848
0.74761,0.37078
0.75098,0.41317
0.75098,0.43538
0.73415,0.46499
0.70522,0.51075
0.6884,0.54574
0.66686,0.56996
0.63456,0.59621
0.58611,0.62649
0.55785,0.65004
0.58073,0.6857
0.6312,0.69378
0.69311,0.67494
0.75501,0.62514
0.78193,0.58477
0.8075,0.53362
0.78933,0.44615
0.73617,0.37212
0.65408,0.32973
0.56862,0.30954
0.48248,0.34924
0.43672,0.41923
0.45893,0.51075
0.51949,0.58544
0.59217,0.62043
0.69041,0.59082
0.78597,0.48719
0.82365,0.35261
0.8176,0.23283
0.77318,0.14535
0.66619,0.11507
0.52555,0.14468
0.45422,0.2187
0.44547,0.33511
0.50065,0.47979
0.64802,0.56256
0.82096,0.5814
0.97842,0.56323
1.1177,0.4946
1.1897,0.37145
1.1655,0.2584
1.0612,0.21601
0.93536,0.23889
0.8149,0.26849
0.71868,0.34386
0.67426,0.44547
0.68638,0.53026
0.76578,0.59688
0.88018,0.61909
0.97775,0.57871
1.0699,0.48248
1.1016,0.3728
1.0652,0.26109
0.98986,0.15006
0.88085,0.04845
0.7678,-0.00875
0.65946,-0.02221
0.57602,0.01817
0.52218,0.1144
0.48787,0.25436
0.50132,0.37212
0.56525,0.45893
0.6386,0.50334
0.70858,0.51344
0.75973,0.50267
0.75098,0.46633
0.72608,0.42663
0.70253,0.37414
0.66215,0.32098
0.62649,0.26917
0.64062,0.24292
0.65542,0.23956
0.65408,0.26378
0.65879,0.30752
0.67426,0.34992
0.67898,0.37885
0.67157,0.38895
0.66619,0.38827
0.65071,0.37953
0.64196,0.33511
0.65542,0.28532
0.67898,0.26446
0.70253,0.2436
0.72339,0.23552
0.75703,0.24696
0.80077,0.25571
0.83577,0.22677
0.83711,0.19111
0.82096,0.18573
0.81087,0.2187
0.79741,0.25504
0.78933,0.27253
0.7853,0.27993
0.7853,0.30214
0.77991,0.33848
0.7853,0.37347
0.80212,0.39231
0.81356,0.40913
0.81154,0.43403
0.80885,0.4946
0.82971,0.57265
0.85192,0.62985
0.89094,0.64264
0.93805,0.61236
0.95689,0.56054
0.96833,0.49258
0.98112,0.41317
0.94882,0.32637
0.90777,0.25033
0.85595,0.20928
0.80347,0.19515
0.79404,0.19044
0.81019,0.20389
0.82365,0.22879
0.86066,0.26782
0.91921,0.2981
0.96093,0.30551
0.99794,0.28397
1.0289,0.24023
1.0249,0.19313
1.0013,0.14131
0.97304,0.10094
0.93872,0.08479
0.90171,0.0895
0.88085,0.11641
0.88623,0.16015
0.90171,0.20053
0.92997,0.22946
0.96833,0.24763
1.0026,0.2409
1.0195,0.2187
1.0181,0.18909
1.006,0.15343
0.97842,0.12314
0.94949,0.10228
0.92593,0.09892
0.90911,0.10699
0.90911,0.12853
0.92324,0.15746
0.94478,0.18505
0.96362,0.19649
0.98582,0.19582
0.99996,0.18438
1.0013,0.16486
0.99457,0.14064
0.98381,0.11978
0.96631,0.10565
0.94612,0.10161
0.93132,0.10834
0.92392,0.12382
0.92392,0.14266
0.93132,0.1615
0.94343,0.17765
0.95622,0.18774
0.96698,0.18976
0.97169,0.18101
0.97035,0.16217
0.96496,0.14131
0.95554,0.12045
0.94747,0.10498
0.9441,0.0969
0.9441,0.09892
0.94814,0.11238
0.95218,0.12987
0.96093,0.1467
0.96833,0.16217
0.97573,0.17429
0.97977,0.1763
0.97977,0.17159
0.9764,0.16217
0.97237,0.15141
0.96362,0.13997
0.95487,0.13189
0.94545,0.13189
0.93401,0.13862
0.92661,0.14804
0.92392,0.15948
0.92122,0.16958
0.92122,0.17832
0.92324,0.18505
0.92392,0.18505
0.92593,0.18236
0.92795,0.17294
0.92526,0.16621
0.92257,0.16083
0.91719,0.1615
0.90911,0.16756
0.89902,0.18169
0.8896,0.2012
0.88085,0.22677
0.87614,0.25504
0.87681,0.28195
0.87883,0.29945
0.88152,0.30214
0.88152,0.28734
0.88354,0.25975
0.88018,0.22946
0.86874,0.2086
0.85259,0.20726
0.83173,0.23081
0.80885,0.27388
0.79202,0.31896
0.78193,0.35261
0.76982,0.36338
0.77116,0.35665
0.80145,0.32704
0.85326,0.27522
0.91046,0.21399
0.95554,0.15275
0.98381,0.1144
0.97977,0.1043
0.95689,0.10969
0.92728,0.13391
0.89835,0.15612
0.88354,0.179
0.8795,0.20053
0.88892,0.20928
0.91046,0.2012
0.94208,0.1938
0.97438,0.18774
0.98919,0.19044
0.98852,0.19716
0.9865,0.21601
0.97371,0.26109
0.94208,0.33444
0.9145,0.40442
0.88758,0.45287
0.87816,0.48046
0.87816,0.46095
0.88152,0.39568
0.90709,0.31627
0.93199,0.21264
0.94545,0.10296
0.94007,0.02221
0.89969,-0.01346
0.83173,0.01211
0.76242,0.10363
0.71598,0.24898
0.70051,0.41452
0.70589,0.57467
0.72406,0.67023
0.72473,0.67763
0.72541,0.59082
0.718,0.47508
0.68167,0.38222
0.63052,0.32502
0.60024,0.28599
0.60563,0.23889
0.62581,0.22139
0.68368,0.22341
0.73415,0.23821
0.77251,0.27253
0.76914,0.28935
0.72406,0.30349
0.63254,0.33377
0.52488,0.36607
0.39837,0.41519
0.29945,0.44345
0.24225,0.41115
0.23485,0.34992
0.2409,0.33175
0.28599,0.32637
0.37885,0.33108
0.44816,0.35867
0.4919,0.36068
0.51613,0.34319
0.50738,0.33848
0.47575,0.35059
0.47037,0.36809
0.49392,0.38827
0.52959,0.40577
0.57467,0.41855
0.61572,0.39769
0.62851,0.34655
0.60361,0.31223
0.58006,0.29541
0.56458,0.30012
0.55516,0.29676
0.54641,0.2981
0.57265,0.31493
0.63793,0.35395
0.68839,0.38962
0.67157,0.4448
0.61639,0.49796
0.54035,0.55852
0.46902,0.60024
0.42663,0.60361
0.39097,0.57063
0.34992,0.53564
0.31964,0.52488
0.25705,0.55381
0.14737,0.54977
0.08681,0.49392
0.0794,0.42596
0.11911,0.36068
0.20995,0.32973
0.29272,0.31291
0.36876,0.31156
0.43201,0.34386
0.4845,0.41115
0.53564,0.44076
0.5814,0.44076
0.62245,0.43134
0.6312,0.41519
0.6137,0.38087
0.59149,0.33848
0.57938,0.31089
0.57804,0.31291
0.59082,0.32435
0.5989,0.35261
0.60092,0.3876
0.60697,0.42259
0.62379,0.43403
0.64129,0.40846
0.66282,0.35867
0.67628,0.29137
0.7032,0.23956
0.70993,0.20389
0.7032,0.18169
0.68436,0.1938
0.65206,0.24225
0.64398,0.32031
0.66484,0.37751
0.70185,0.38895
0.7678,0.38827
0.82836,0.37818
0.86739,0.35194
0.88691,0.31425
0.88421,0.2732
0.8499,0.24023
0.81221,0.21533
0.78866,0.1938
0.78395,0.18438
0.78328,0.19447
0.78731,0.22745
0.8075,0.26782
0.83576,0.29407
0.86739,0.30147
0.897,0.29878
0.91988,0.28599
0.93065,0.26917
0.92526,0.25033
0.91719,0.23889
0.897,0.24427
0.86201,0.24965
0.82903,0.26648
0.80952,0.29541
0.78933,0.31896
0.78126,0.32771
0.78866,0.33175
0.7927,0.32233
0.8001,0.29878
0.82298,0.26917
0.85393,0.24494
0.87277,0.24427
0.88489,0.25302
0.89027,0.27119
0.89969,0.29339
0.91651,0.30483
0.92997,0.31627
0.95083,0.31964
0.96093,0.31358
0.96362,0.30214
0.9616,0.27993
0.95487,0.25369
0.95016,0.21937
0.94949,0.18842
0.95554,0.16083
0.97237,0.144
0.98179,0.13458
0.98717,0.13929
0.99525,0.15275
0.99592,0.17563
0.9865,0.19447
0.97102,0.20928
0.96295,0.21601
0.96564,0.21601
0.97169,0.20591
0.98179,0.1938
0.9939,0.18438
1.0013,0.17563
1.0067,0.16958
1.0074,0.16285
1.006,0.16285
0.99525,0.16621
0.98582,0.16688
0.97842,0.16688
0.97438,0.16621
0.97237,0.1615
0.97371,0.15544
0.97842,0.14871
0.98515,0.13929
0.99323,0.13189
0.99726,0.13055
0.99861,0.12987
0.99726,0.13122
0.99188,0.13593
0.98717,0.13997
0.97775,0.14602
0.97035,0.15006
0.96362,0.15343
0.95891,0.1541
0.95891,0.1541
0.95891,0.15275
0.96362,0.15343
0.97102,0.15343
0.97977,0.15275
0.98313,0.15141
0.98582,0.14939
0.98381,0.144
0.9764,0.13929
0.96766,0.13324
0.95554,0.13122
0.94545,0.13122
0.94208,0.13189
0.9441,0.13458
0.95016,0.13391
0.95823,0.13458
0.96631,0.13256
0.97506,0.13122
0.98448,0.12987
0.98582,0.12516
0.98381,0.1218
0.98044,0.11843
0.97506,0.11641
0.96967,0.11103
0.96496,0.10901
0.96227,0.10699
0.9616,0.10901
0.96362,0.11036
0.96833,0.11305
0.97304,0.11574
0.97708,0.11911
0.98044,0.12113
0.98111,0.11978
0.98246,0.11978
0.98111,0.11709
0.97775,0.11641
0.97304,0.1144
0.97169,0.11036
0.96833,0.10901
0.96833,0.10565
0.96833,0.10363
0.97035,0.10363
0.97169,0.1043
0.97371,0.10498
0.97169,0.10834
0.96496,0.10767
0.95352,0.10632
0.94545,0.10026
0.9367,0.09354
0.93132,0.08277
0.92863,0.07537
0.92055,0.07335
0.90978,0.08075
0.88825,0.09421
0.86403,0.11843
0.82971,0.14535
0.80414,0.17832
0.79068,0.22139
0.77924,0.26378
0.78058,0.28935
0.80481,0.29474
0.83173,0.28935
0.86874,0.26984
0.90036,0.25167
0.92661,0.22408
0.92997,0.20524
0.91584,0.20457
0.87143,0.23619
0.81961,0.28195
0.78193,0.32098
0.77587,0.34117
0.77857,0.33242
0.8001,0.30416
0.85057,0.25975
0.90575,0.21466
0.93065,0.17496
0.94074,0.15006
0.94141,0.15141
0.94208,0.17227
0.94276,0.18505
0.94007,0.1938
0.93132,0.19986
0.92392,0.20188
0.91382,0.19649
0.90709,0.17092
0.90642,0.14535
0.90171,0.12987
0.89363,0.11978
0.88421,0.11036
0.86672,0.10834
0.83105,0.12853
0.80481,0.1763
0.7927,0.24831
0.7853,0.3378
0.79741,0.4273
0.825,0.49392
0.8472,0.51209
0.85528,0.46499
0.86268,0.36741
0.86605,0.25436
0.8499,0.17563
0.81423,0.14468
0.77655,0.14333
0.77116,0.17698
0.76982,0.24225
0.79202,0.31627
0.83105,0.35799
0.87412,0.35799
0.90978,0.34319
0.94343,0.32233
0.97775,0.28263
0.97237,0.23216
0.95487,0.18236
0.92593,0.13929
0.89296,0.11574
0.85393,0.10565
0.81692,0.11507
0.79202,0.13862
0.78328,0.17025
0.79606,0.20995
0.81558,0.23754
0.83778,0.24696
0.85393,0.2409
0.86537,0.23081
0.86335,0.22004
0.85461,0.19784
0.84518,0.1763
0.83576,0.15746
0.83644,0.15006
0.85528,0.14602
0.8896,0.15275
0.92257,0.17563
0.94881,0.2086
0.95958,0.23081
0.97035,0.24696
0.97842,0.24965
0.97842,0.23552
0.97842,0.21466
0.97775,0.19044
0.9791,0.17227
0.9764,0.1615
0.97169,0.15814
0.96698,0.16419
0.97035,0.18169
0.97237,0.19649
0.97438,0.20793
0.97573,0.21331
0.97371,0.21668
0.97573,0.22004
0.97573,0.21803
0.97708,0.21533
0.98313,0.21668
0.99121,0.22543
0.99659,0.23485
1.0033,0.24158
1.0121,0.24023
1.0141,0.23418
1.0107,0.22004
1.006,0.19918
0.99726,0.17361
0.98717,0.15141
0.9791,0.13593
0.96833,0.13526
0.95352,0.14468
0.94276,0.16958
0.93199,0.19784
0.9219,0.23216
0.91517,0.27388
0.91248,0.30618
0.91584,0.32233
0.92728,0.31762
0.95016,0.29676
0.97237,0.27119
0.9865,0.25705
0.98784,0.26648
0.97573,0.29003
0.95622,0.32233
0.94007,0.35597
0.92997,0.38222
0.92863,0.38895
0.94545,0.36809
0.97708,0.33579
1.0168,0.30483
1.0558,0.26109
1.0794,0.22677
1.0901,0.21668
1.0794,0.22812
1.0558,0.24629
1.0154,0.2658
0.97169,0.28061
0.94276,0.2732
0.93132,0.24965
0.93603,0.22274
0.9542,0.20188
0.97573,0.19111
1.0013,0.18909
1.0316,0.1938
1.0477,0.20457
1.0531,0.21466
1.039,0.22475
1.0114,0.22946
0.97708,0.22677
0.94208,0.22139
0.91584,0.20524
0.90844,0.17832
0.91853,0.14737
0.94276,0.12449
0.96362,0.11036
0.98515,0.10565
0.99996,0.11641
0.99592,0.13324
0.98582,0.15544
0.969,0.17429
0.94949,0.18438
0.9293,0.19178
0.91315,0.19447
0.91046,0.18976
0.91315,0.179
0.92392,0.16756
0.94074,0.15679
0.95756,0.14602
0.96967,0.1366
0.97371,0.13391
0.97775,0.13593
0.97304,0.144
0.95823,0.15073
0.94208,0.14804
0.92795,0.13795
0.92526,0.13122
0.92257,0.12382
0.92324,0.11641
0.93199,0.11372
0.94949,0.12516
0.95352,0.14804
0.95285,0.16958
0.95151,0.17832
0.94343,0.17429
0.94141,0.16217
0.94814,0.13526
0.96227,0.10632
0.97371,0.08479
0.98111,0.07604
0.98986,0.07537
0.99525,0.08142
0.9939,0.09488
0.98784,0.11574
0.97708,0.13526
0.96833,0.15208
0.96227,0.1541
0.95891,0.15141
0.95958,0.14064
0.95891,0.1292
0.96093,0.11305
0.96362,0.10026
0.97102,0.09354
0.97237,0.09354
0.97371,0.09825
0.97438,0.10363
0.97371,0.11238
0.97169,0.11574
0.96564,0.11843
0.96496,0.11641
0.96833,0.11305
0.97237,0.10632
0.97842,0.10228
0.98515,0.10161
0.98582,0.10161
0.98111,0.10161
0.96766,0.10161
0.93536,0.11305
0.89498,0.13256
0.85124,0.16554
0.79472,0.21668
0.76511,0.26109
0.75771,0.28666
0.76376,0.30079
0.79135,0.26917
0.82231,0.21803
0.84788,0.17159
0.84518,0.13189
0.80145,0.09757
0.72271,0.09084
0.64264,0.12045
0.58813,0.16756
0.58073,0.24225
0.60832,0.32838
0.66753,0.40039
0.74828,0.45624
0.81558,0.48517
0.86133,0.48114
0.86874,0.4448
0.86605,0.37818
0.82769,0.30281
0.77386,0.24292
0.718,0.21668
0.69647,0.22206
0.7032,0.22812
0.74088,0.23216
0.80279,0.23148
0.86537,0.23552
0.90911,0.24763
0.92392,0.24898
0.91853,0.22812
0.89431,0.19649
0.85864,0.17496
0.82096,0.1689
0.80077,0.1689
0.80077,0.18236
0.80481,0.19245
0.81625,0.19851
0.8324,0.20053
0.84451,0.19313
0.85326,0.16958
0.86335,0.14468
0.8795,0.12987
0.89162,0.13189
0.90171,0.12987
0.90777,0.12113
0.9118,0.11843
0.9145,0.12314
0.91113,0.13189
0.90642,0.1366
0.90777,0.14266
0.91046,0.15275
0.91584,0.16486
0.92055,0.17765
0.92863,0.17967
0.93334,0.17227
0.94208,0.15948
0.94747,0.14602
0.94747,0.13122
0.94141,0.11978
0.93199,0.11507
0.92324,0.11641
0.9118,0.12382
0.89969,0.13526
0.89565,0.14871
0.89902,0.15814
0.90709,0.17025
0.91719,0.17159
0.92661,0.16688
0.93065,0.15814
0.92459,0.14939
0.91651,0.14468
0.90709,0.14333
0.89767,0.14333
0.88556,0.14804
0.8795,0.15477
0.8795,0.15881
0.8822,0.15881
0.89229,0.15948
0.90642,0.15948
0.91786,0.16083
0.92593,0.16756
0.93132,0.17967
0.93065,0.19515
0.92122,0.21399
0.90171,0.23014
0.86335,0.25571
0.8324,0.26782
0.80279,0.25705
0.78664,0.2335
0.78462,0.19851
0.81288,0.16352
0.85595,0.11978
0.89902,0.06998
0.93132,0.02692
0.95823,0.00942
0.9764,0.02759
0.9764,0.06864
0.96698,0.11978
0.95016,0.16756
0.93132,0.20591
0.91786,0.22745
0.91113,0.22004
0.90978,0.1938
0.92055,0.14602
0.93805,0.10161
0.95151,0.06595
0.96766,0.0498
0.98313,0.05181
0.98986,0.07133
0.98515,0.10699
0.97573,0.14737
0.96227,0.18371
0.94545,0.20457
0.93132,0.2113
0.92526,0.20188
0.9293,0.18169
0.93468,0.16217
0.94141,0.14804
0.95083,0.13728
0.95756,0.13256
0.95891,0.13795
0.95756,0.144
0.95151,0.15073
0.94276,0.15275
0.93468,0.15141
0.9293,0.14535
0.92055,0.13122
0.91651,0.11574
0.91988,0.1043
0.93536,0.09757
0.95554,0.09623
0.97775,0.10565
0.99525,0.12314
1.0006,0.14199
0.99794,0.15948
0.98784,0.17429
0.97573,0.17967
0.96227,0.17429
0.94814,0.16285
0.93468,0.15275
0.92526,0.1467
0.92257,0.1366
0.92257,0.1292
0.92863,0.12651
0.94141,0.13324
0.95622,0.14535
0.97102,0.15814
0.9845,0.16352
0.99527,0.1615
1.004,0.15747
1.0081,0.1541
1.0027,0.14401
0.99392,0.13055
0.98854,0.11709
0.98248,0.1144
0.97777,0.11507
0.97508,0.12315
0.9771,0.13122
0.98584,0.13728
0.9919,0.14333
0.99998,0.14401
1.0047,0.14535
1.0074,0.14872
1.0067,0.14468
1.0054,0.14064
0.99728,0.13661
0.9919,0.13055
0.98584,0.13055
0.98113,0.13122
0.97979,0.13593
0.98383,0.14132
0.98584,0.14939
0.98988,0.15612
0.99459,0.15747
1.002,0.15276
1.0054,0.14401
1.0081,0.13795
1.0081,0.12988
1.0087,0.12382
1.0087,0.12247
1.0074,0.12382
1.0027,0.12988
1.0013,0.13795
0.99728,0.14535
0.99594,0.15141
0.99527,0.15276
0.99661,0.15276
1.0006,0.14872
1.0033,0.14064
1.006,0.13257
1.0081,0.12853
1.0094,0.12517
1.0094,0.12584
1.0101,0.1292
1.0128,0.13593
1.0148,0.14401
1.0161,0.15141
1.0181,0.15612
1.0215,0.15814
1.0229,0.15747
1.0215,0.1541
1.0128,0.15006
1.002,0.14266
0.98652,0.13862
0.97306,0.13189
0.96297,0.12584
0.95422,0.12045
0.94951,0.11911
0.95018,0.11844
0.95287,0.1144
0.95422,0.11574
0.96364,0.11844
0.97239,0.11844
0.9771,0.11642
0.98046,0.11978
0.97912,0.12853
0.97844,0.13189
0.97575,0.12718
0.97306,0.11373
0.96768,0.10498
0.967,0.09758
0.97171,0.0895
0.97912,0.07873
0.98854,0.06931
0.99527,0.0646
0.99527,0.0646
0.99257,0.06393
0.98786,0.06258
0.98248,0.0646
0.97306,0.06729
0.96431,0.06931
0.95758,0.07133
0.95691,0.06797
0.96095,0.0646
0.96902,0.06056
0.9771,0.05451
0.98181,0.05047
0.98652,0.04912
0.98854,0.04845
0.98786,0.05047
0.98584,0.05182
0.97979,0.05383
0.97171,0.05518
0.96566,0.05585
0.96297,0.0572
0.96364,0.05855
0.96633,0.05518
0.97642,0.05383
0.98854,0.0498
1.0013,0.05047
1.0101,0.05114
1.0141,0.05249
1.0128,0.05316
1.0128,0.06056
1.0101,0.07066
1.0094,0.08008
1.0094,0.08748
1.0074,0.08883
1.004,0.0895
1.0006,0.08815
0.99527,0.08412
0.98584,0.07941
0.97642,0.07604
0.96633,0.07335
0.95691,0.07268
0.94951,0.07537
0.94009,0.08008
0.92797,0.08614
0.91317,0.09017
0.89365,0.09354
0.85933,0.10229
0.79742,0.12449
0.72744,0.15679
0.65544,0.15948
0.6016,0.13526
0.57872,0.08142
0.58814,0.02692
0.56997,0.00067
0.55315,0.01548
0.54979,0.05922
0.5619,0.11238
0.61506,0.15881
0.68504,0.19515
0.76176,0.21736
0.83444,0.20592
0.89567,0.16487
0.93605,0.1043
0.95624,0.05518
0.96297,0.01279
0.93403,-0.0249
0.8876,-0.04643
0.8526,-0.05047
0.82434,-0.00942
0.80012,0.06056
0.77791,0.12113
0.78666,0.16621
0.79742,0.1864
0.79944,0.18506
0.78195,0.19448
0.73888,0.20659
0.6985,0.22207
0.64534,0.22611
0.58074,0.23014
0.5518,0.23889
0.56997,0.25235
0.59083,0.27186
0.61641,0.29609
0.63592,0.32032
0.64534,0.32637
0.6588,0.3156
0.67159,0.2685
0.6837,0.1965
0.70658,0.13055
0.73148,0.09488
0.7658,0.07335
0.81492,0.072
0.86472,0.10296
0.91586,0.15477
0.96027,0.2113
0.99863,0.2611
1.0128,0.28196
0.99796,0.27792
0.97508,0.25033
0.95556,0.20659
0.93066,0.15141
0.89904,0.09488
0.88289,0.05383
0.88625,0.04374
0.90106,0.05047
0.92326,0.0747
0.94951,0.10901
0.9771,0.13997
0.9993,0.16285
1.0134,0.1716
1.0134,0.16352
1.0033,0.14064
0.9845,0.10969
0.96162,0.0821
0.94076,0.05922
0.92797,0.04509
0.9273,0.04441
0.93336,0.05855
0.9448,0.0821
0.96095,0.10969
0.98046,0.13728
0.99661,0.15679
1.0013,0.16352
1.0013,0.15612
0.99392,0.1393
0.98046,0.11642
0.96229,0.09488
0.94547,0.07806
0.93134,0.06998
0.92595,0.07402
0.92999,0.08815
0.94345,0.10632
0.95691,0.12247
0.97441,0.13661
0.98786,0.14401
0.99728,0.14333
1.0006,0.13526
0.99728,0.11844
0.98719,0.09892
0.97441,0.07806
0.96297,0.0646
0.95085,0.05922
0.94345,0.06393
0.94009,0.07671
0.94076,0.09286
0.9448,0.11036
0.95085,0.12651
0.95758,0.13661
0.95893,0.1393
0.9596,0.13391
0.95354,0.12449
0.95153,0.10834
0.94345,0.09085
0.93605,0.07806
0.92999,0.07066
0.9273,0.07335
0.92865,0.08748
0.93336,0.10632
0.93874,0.12853
0.94547,0.14535
0.95287,0.15343
0.9596,0.15208
0.96364,0.13526
0.96297,0.11036
0.96498,0.0821
0.96431,0.05855
0.96027,0.04643
0.96027,0.04643
0.96162,0.05855
0.96095,0.08008
0.96229,0.10632
0.96431,0.12517
0.96498,0.13526
0.96969,0.13526
0.97037,0.12853
0.97306,0.11103
0.97373,0.0895
0.97642,0.06864
0.97373,0.05451
0.97171,0.04643
0.96969,0.04845
0.97037,0.05451
0.97037,0.06998
0.97373,0.0895
0.97979,0.10969
0.98517,0.12315
0.98719,0.1292
0.98652,0.12517
0.98046,0.1144
0.96969,0.10094
0.95893,0.08546
0.94547,0.072
0.93941,0.06393
0.93874,0.0646
0.94614,0.07268
0.95556,0.08546
0.97037,0.09959
0.98248,0.11305
0.98854,0.12315
0.98921,0.1292
0.98786,0.12718
0.98786,0.11978
0.98517,0.10834
0.97777,0.09556
0.97508,0.08614
0.97037,0.08479
0.96835,0.08681
0.97171,0.09219
0.97441,0.10229
0.97844,0.11507
0.98315,0.12853
0.98652,0.13661
0.98921,0.13728
0.98854,0.13526
0.98652,0.12988
0.98248,0.12045
0.97979,0.11036
0.98113,0.10094
0.98113,0.09758
0.98517,0.09959
0.98854,0.10498
0.99392,0.11171
0.99998,0.11978
1.0054,0.1292
1.0101,0.13391
1.0128,0.13459
1.0141,0.13122
1.0134,0.12247
1.0114,0.1144
1.0087,0.10767
1.0054,0.10363
1.0027,0.10027
1.002,0.09825
1.0027,0.1043
1.004,0.10969
1.0074,0.11507
1.0101,0.11776
1.0114,0.12045
1.0148,0.11776
1.0134,0.11574
1.0094,0.10901
1.0074,0.1043
1.004,0.10094
0.9993,0.09758
0.99661,0.09892
0.99459,0.09892
0.99392,0.10229
0.99325,0.10498
0.99594,0.10834
0.99863,0.10901
0.99998,0.10834
1.0006,0.10632
1.002,0.10229
0.9993,0.09825
0.99728,0.09488
0.99325,0.09085
0.99056,0.09152
0.98786,0.09152
0.98652,0.09488
0.98584,0.0969
0.98652,0.10027
0.98854,0.10094
0.98921,0.10161
0.99257,0.09959
0.99325,0.09825
0.99257,0.09623
0.99056,0.09286
0.98921,0.0895
0.98719,0.0895
0.98517,0.0895
0.98181,0.09085
0.98113,0.09488
0.98046,0.09758
0.98113,0.09825
0.98315,0.10027
0.98584,0.10161
0.98584,0.10094
0.98652,0.09959
0.9845,0.09892
0.98181,0.09892
0.9771,0.09892
0.97239,0.09892
0.96835,0.10094
0.96229,0.10363
0.9596,0.10632
0.95489,0.10834
0.95422,0.10969
0.95153,0.11036
0.95085,0.10969
0.94749,0.107
0.94681,0.10632
0.94412,0.10632
0.9421,0.10632
0.93605,0.10969
0.93201,0.11103
0.92932,0.1144
0.92461,0.11709
0.9199,0.11911
0.91519,0.11642
0.91115,0.11305
0.90778,0.10767
0.90644,0.09892
0.89769,0.0969
0.87952,0.09354
0.86539,0.08681
0.83444,0.08412
0.78329,0.14333
0.72138,0.24764
0.70523,0.35531
0.70321,0.46298
0.70927,0.59554
0.76041,0.68033
0.823,0.63525
0.84924,0.49662
0.84789,0.34185
0.81694,0.20323
0.74965,0.11305
0.64938,0.05989
0.57468,0.05585
0.55853,0.06662
0.60429,0.12113
0.67293,0.18035
0.73215,0.22005
0.7981,0.23822
0.87885,0.22678
0.91451,0.16689
0.92394,0.10027
0.89365,0.04643
0.83847,-0.00538
0.80415,-0.03567
0.77724,-0.0323
0.76041,-0.00135
0.76243,0.04711
0.78666,0.0895
0.81694,0.1292
0.84722,0.15208
0.87212,0.15881
0.89163,0.15006
0.88423,0.13795
0.85597,0.13122
0.82434,0.11373
0.78397,0.08008
0.74359,0.05047
0.71465,0.0249
0.70321,0.03163
0.69648,0.07133
0.69514,0.13257
0.69514,0.17631
0.70523,0.21736
0.69581,0.26379
0.67428,0.30013
0.67832,0.30484
0.69783,0.2759
0.71936,0.24495
0.74426,0.22476
0.76983,0.21467
0.76512,0.22543
0.74695,0.27186
0.75032,0.32704
0.75974,0.37482
0.79473,0.40107
0.83309,0.40107
0.87212,0.39299
0.9125,0.3654
0.94143,0.33377
0.95893,0.29138
0.95624,0.22678
0.94278,0.14804
0.91115,0.10094
0.8775,0.07335
0.86404,0.05249
0.85933,0.03836
0.84991,0.02826
0.83511,0.01884
0.80415,0.03095
0.76849,0.05653
0.71802,0.08412
0.67495,0.10094
0.64332,0.12517
0.62381,0.16083
0.63121,0.1938
0.67428,0.21399
0.72475,0.22341
0.79944,0.21063
0.88625,0.21399
0.96095,0.24629
1.0303,0.27859
1.0801,0.30618
1.074,0.33714
1.0282,0.35598
0.98584,0.3432
0.93201,0.286
0.84184,0.22476
0.75705,0.18035
0.73619,0.15141
0.74897,0.11507
0.78397,0.08748
0.86674,0.09219
0.98046,0.12315
1.0639,0.17092
1.1157,0.21467
1.1507,0.23283
1.1406,0.23754
1.0821,0.23014
1.0208,0.2113
0.9596,0.17294
0.90106,0.12786
0.85732,0.08614
0.85126,0.06393
0.87145,0.05182
0.89836,0.05383
0.93941,0.07066
0.97777,0.10094
1.0006,0.13459
1.0074,0.16352
0.99392,0.16891
0.97912,0.15881
0.96566,0.13391
0.96027,0.11103
0.95422,0.09152
0.94749,0.07671
0.94547,0.07268
0.95489,0.08412
0.967,0.10229
0.97441,0.12584
0.97979,0.15006
0.97844,0.17092
0.97239,0.18169
0.96229,0.18035
0.95085,0.17025
0.93807,0.15276
0.92595,0.13526
0.91788,0.11574
0.91653,0.09959
0.91721,0.0895
0.92663,0.08883
0.93941,0.09758
0.96027,0.11103
0.97979,0.13189
0.99325,0.15881
1.004,0.17227
1.0087,0.15948
0.9993,0.13189
0.97979,0.10767
0.96364,0.08748
0.95085,0.06527
0.94883,0.04711
0.95354,0.04374
0.96566,0.05518
0.97979,0.07806
0.98921,0.10229
0.99796,0.11978
1.0054,0.12651
1.0081,0.12651
0.99863,0.12247
0.98517,0.10969
0.97239,0.09152
0.96162,0.07604
0.95758,0.06729
0.95691,0.06729
0.96027,0.07268
0.96902,0.08142
0.97844,0.09354
0.98786,0.10767
0.99392,0.11507
0.99527,0.11844
0.99594,0.11574
0.99257,0.10901
0.98652,0.09758
0.97912,0.08748
0.97306,0.08075
0.96902,0.08008
0.96969,0.08479
0.97441,0.09219
0.98113,0.09959
0.99056,0.10767
1.0006,0.10901
1.0054,0.10901
1.0054,0.10363
1.0013,0.09959
0.99459,0.09286
0.9845,0.08883
0.97441,0.08681
0.96162,0.08883
0.95018,0.09286
0.9421,0.09354
0.93605,0.09354
0.93672,0.09556
0.93941,0.1043
0.9421,0.11574
0.95287,0.1292
0.96364,0.13661
0.96162,0.15006
0.96364,0.16352
0.97373,0.15679
0.98652,0.13055
0.99325,0.0895
0.99392,0.04912
0.98854,0.01884
0.99257,0.00202
0.99661,0
0.99796,0.00471
0.99863,0.02019
1.0027,0.04643
1.0094,0.07133
1.0148,0.09085
1.0141,0.10632
1.0067,0.11373
0.98921,0.11776
0.96902,0.12382
0.9596,0.12315
0.96027,0.11373
0.96431,0.09758
0.96364,0.07941
0.96902,0.07941
0.98719,0.08277
1.0081,0.07941
1.0249,0.06931
1.0309,0.06326
1.0276,0.06595
1.0195,0.07873
1.0081,0.08815
0.98854,0.09421
0.96768,0.09421
0.94951,0.09959
0.9421,0.10498
0.94614,0.10229
0.96297,0.09354
0.98786,0.08344
1.0114,0.07335
1.0303,0.05855
1.0397,0.04576
1.041,0.04441
1.0269,0.05451
1.004,0.07402
0.97508,0.0895
0.95691,0.0969
0.94951,0.10027
0.95354,0.09421
0.95893,0.08546
0.95893,0.06797
0.96095,0.04374
0.96162,0.01817
0.96566,0.00808
0.96498,0.00673
0.96633,0.01144
0.967,0.02624
0.95624,0.04643
0.92663,0.07268
0.88625,0.08883
0.83847,0.09825
0.80886,0.09219
0.8203,0.09085
0.85799,0.09219
0.9024,0.09219
0.93874,0.08075
0.94816,0.06864
0.95018,0.05653
0.9273,0.03432
0.90442,0.00404
0.87818,-0.02153
0.84857,-0.02624
0.82569,-0.00875
0.82165,0.01279
0.82232,0.03095
0.83982,0.02961
0.88827,0.02557
0.92797,0.02423
0.9522,0.02826
0.96297,0.02692
0.96633,0.03567
0.95825,0.05114
0.9347,0.05451
0.91855,0.04509
0.91721,0.04038
0.9347,0.04845
0.95018,0.0646
0.967,0.07335
0.99123,0.08008
1.0128,0.09556
1.0242,0.11978
1.0229,0.13593
1.0175,0.13862
1.0047,0.12988
0.99325,0.11574
0.97844,0.10094
0.96633,0.08479
0.95825,0.07133
0.96027,0.07268
0.97171,0.08142
0.9845,0.09421
0.9993,0.10565
1.0087,0.11709
1.0229,0.12449
1.0276,0.12786
1.0188,0.12045
1.0087,0.11036
0.99257,0.09959
0.97777,0.08748
0.96566,0.07739
0.96027,0.06797
0.96162,0.06864
0.96566,0.07739
0.9771,0.08748
0.98652,0.09959
0.99998,0.10969
1.0074,0.11776
1.0128,0.12315
1.0148,0.11844
1.0094,0.11507
0.99998,0.11036
0.98786,0.10632
0.97912,0.107
0.97239,0.10565
0.97508,0.10901
0.97777,0.11642
0.98248,0.12449
0.98786,0.13055
0.99392,0.13189
0.99392,0.12853
0.99056,0.12382
0.9845,0.11978
0.97575,0.1144
0.96902,0.10498
0.96835,0.09085
0.97037,0.08546
0.97373,0.09152
0.97644,0.09892
0.98519,0.10229
0.99057,0.10498
0.9973,0.10632
0.99932,0.10632
0.9899,0.10027
0.97577,0.09421
0.96365,0.09085
0.95087,0.09152
0.93808,0.09623
0.93135,0.10027
0.93135,0.10296
0.93203,0.10498
0.92597,0.11507
0.91722,0.13392
0.89367,0.16689
0.84252,0.20861
0.77321,0.24764
0.73149,0.28465
0.70592,0.33109
0.69515,0.35599
0.71938,0.32974
0.77187,0.28802
0.81628,0.26581
0.84993,0.25303
0.88492,0.25033
0.89165,0.21938
0.87886,0.16554
0.84993,0.0996
0.82032,0.07941
0.80551,0.09488
0.80282,0.12248
0.8082,0.14805
0.82907,0.15881
0.86339,0.15612
0.90444,0.14401
0.94683,0.11709
0.97375,0.08412
0.9899,0.05855
0.98452,0.05182
0.97038,0.05787
0.9502,0.06864
0.92799,0.08816
0.90444,0.11507
0.8829,0.13661
0.86877,0.15949
0.86608,0.18641
0.87146,0.20659
0.8829,0.21467
0.90242,0.21669
0.9226,0.20592
0.94347,0.18102
0.94548,0.14939
0.92933,0.13661
0.90511,0.14334
0.87617,0.17766
0.86608,0.21063
0.86944,0.23082
0.87752,0.24293
0.88627,0.24428
0.90645,0.23889
0.93606,0.23351
0.96567,0.22745
0.9973,0.21265
1.0222,0.18304
1.0444,0.1319
1.0538,0.07402
1.0511,0.0175
1.0283,-0.02086
0.9973,-0.03567
0.97038,-0.03028
0.95423,-0.00404
0.94481,0.03432
0.94548,0.07335
0.95289,0.107
0.96971,0.12786
0.99192,0.12988
1.0114,0.11507
1.0229,0.08748
1.0269,0.05855
1.0242,0.02894
1.0121,0.00471
0.9973,-0.0074
0.97577,-0.00067
0.95625,0.01615
0.94414,0.03836
0.94347,0.05922
0.94952,0.07268
0.96096,0.08008
0.97442,0.08075
0.98923,0.06662
1.0013,0.04576
1.0067,0.0249
1.0067,0.00942
0.99999,0.00269
0.99057,0
0.98182,0.0074
0.9724,0.02153
0.96702,0.04105
0.96635,0.05787
0.97509,0.06864
0.98519,0.07268
0.99663,0.07066
1.0074,0.06124
1.0155,0.04778
1.0148,0.03297
1.0108,0.01884
1.0013,0.00875
0.98855,0.00673
0.97846,0.00942
0.97038,0.0175
0.96769,0.02557
0.97038,0.03297
0.97442,0.03903
0.9825,0.04172
0.99394,0.03499
1.0047,0.02557
1.0155,0.01548
1.0235,0.00269
1.0296,-0.00942
1.0336,-0.00942
1.0235,0.00067
1.0067,0.01884
0.99259,0.0397
0.98653,0.06595
0.98586,0.08748
0.98586,0.10161
0.99461,0.11373
0.99999,0.11575
1.004,0.10969
1.0081,0.09758
1.0121,0.08479
1.0087,0.07335
1.0013,0.07268
0.99394,0.07739
0.98653,0.08748
0.97577,0.10229
0.96635,0.12248
0.96164,0.13863
0.96096,0.14334
0.96433,0.14266
0.97038,0.13863
0.97846,0.12786
0.98586,0.11709
0.98855,0.11036
0.99326,0.11036
0.99259,0.11373
0.98855,0.12651
0.98653,0.1393
0.98586,0.15276
0.98452,0.16353
0.98452,0.16958
0.98653,0.16958
0.98788,0.16554
0.98653,0.16083
0.98452,0.15814
0.97913,0.15612
0.96836,0.16151
0.95625,0.17429
0.94279,0.19852
0.91991,0.22476
0.88761,0.24226
0.85935,0.26649
0.82637,0.29138
0.80282,0.31359
0.79542,0.3358
0.80686,0.34387
0.82301,0.32638
0.80484,0.26312
0.80282,0.20794
0.81493,0.17362
0.8358,0.14199
0.89098,0.12046
0.98048,0.10969
1.0451,0.10834
1.068,0.11844
1.0875,0.12449
1.0727,0.13997
1.0235,0.15747
0.95827,0.15545
0.88896,0.13324
0.81561,0.10498
0.77254,0.0747
0.7611,0.04172
0.77859,0.01077
0.81897,0.00673
0.86675,0.01884
0.90847,0.02624
0.94885,0.03768
0.98384,0.0572
1.0054,0.07335
1.0195,0.07402
0.97644,0.08479
0.90174,0.11911
0.81561,0.1568
0.74091,0.18708
0.6938,0.21736
0.66958,0.27187
0.69044,0.30753
0.75504,0.31628
0.83041,0.32503
0.88156,0.28264
0.89905,0.20659
0.88088,0.11709
0.84051,0.06124
0.73283,0.05585
0.60161,0.09152
0.48721,0.17227
0.36541,0.25908
0.27254,0.35666
0.23553,0.43136
0.2214,0.4428
0.22947,0.39233
0.2934,0.32234
0.39906,0.2463
0.50471,0.19313
0.56998,0.14266
0.61574,0.0996
0.64939,0.08479
0.66419,0.10431
0.63728,0.17025
0.59757,0.24764
0.53835,0.30215
0.51547,0.3284
0.53364,0.34926
0.56393,0.34724
0.61843,0.32167
0.68236,0.28264
0.75571,0.24428
0.83445,0.20188
0.90578,0.16554
0.95962,0.14872
0.97846,0.1467
0.96769,0.1568
0.92059,0.18842
0.84118,0.24024
0.74899,0.28735
0.6864,0.30215
0.64939,0.27456
0.62382,0.21332
0.63526,0.14199
0.67967,0.05922
0.7362,-0.00606
0.78734,-0.04576
0.82637,-0.05653
0.86608,-0.03365
0.88761,0.00942
0.87752,0.05787
0.85666,0.10767
0.84993,0.14536
0.85262,0.16824
0.85666,0.17362
0.86675,0.16218
0.87348,0.1319
0.88223,0.10027
0.8903,0.06999
0.89367,0.04105
0.88694,0.02557
0.87954,0.03096
0.87617,0.05249
0.87886,0.08344
0.88559,0.11507
0.8903,0.13728
0.89905,0.14939
0.91857,0.14536
0.94212,0.1393
0.96567,0.12517
0.98788,0.10498
0.99932,0.07941
0.99932,0.05855
0.9899,0.04778
0.97308,0.04711
0.95221,0.05114
0.93203,0.06528
0.91924,0.08075
0.91789,0.09421
0.92059,0.0969
0.92799,0.08412
0.93472,0.06393
0.93876,0.03903
0.94077,0.01548
0.9327,0.00067
0.92328,-0.00336
0.91386,0.00202
0.90713,0.01952
0.90309,0.04307
0.90309,0.06124
0.90511,0.07739
0.91453,0.0821
0.92126,0.07873
0.92328,0.06326
0.92866,0.03836
0.92664,0.0175
0.9226,0.00538
0.91318,0.00135
0.88828,0.04307
0.85733,0.11171
0.83176,0.179
0.79744,0.21803
0.76043,0.26649
0.7537,0.30686
0.76514,0.30552
0.77658,0.25706
0.8183,0.18102
0.85396,0.11507
0.86137,0.06393
0.87012,0.04576
0.87281,0.07806
0.893,0.14468
0.90376,0.18573
0.91924,0.20929
0.9502,0.2288
0.99999,0.23082
1.0296,0.20054
1.0471,0.12449
1.0511,0.0249
1.037,-0.0646
1.002,-0.12853
0.95087,-0.15949
0.89636,-0.16891
0.84724,-0.14266
0.82166,-0.09017
0.81628,-0.03028
0.83781,0.02423
0.87415,0.05316
0.91184,0.05518
0.93606,0.03499
0.95221,-0.00606
0.95894,-0.0424
0.94952,-0.07335
0.92597,-0.09488
0.90174,-0.09758
0.88156,-0.07537
0.8755,-0.03163
0.87415,0.0148
0.88021,0.04912
0.89703,0.0747
0.91924,0.09017
0.93741,0.09017
0.95087,0.07537
0.96231,0.05114
0.965,0.03297
0.96096,0.02355
0.94279,0.03163
0.92462,0.05451
0.91588,0.08075
0.91386,0.09825
0.92193,0.10363
0.93808,0.0969
0.95962,0.07873
0.97509,0.05518
0.98721,0.02557
0.99259,-0.00538
0.98048,-0.01682
0.95894,-0.00404
0.9327,0.02759
0.90309,0.06393
0.87617,0.09892
0.85598,0.12113
0.8506,0.13593
0.8506,0.12719
0.85195,0.10296
0.84252,0.07133
0.86069,0.03634
0.88357,-0.0074
0.91588,-0.04845
0.95356,-0.07066
0.9825,-0.05451
1.004,-0.02355
1.0161,0.00875
1.0155,0.03768
1.0013,0.06258
0.97442,0.07604
0.94347,0.0747
0.91991,0.05585
0.90713,0.03028
0.90107,0.00336
0.89972,-0.00942
0.9004,-0.00808
0.90511,0.01009
0.91251,0.03567
0.92664,0.06931
0.93404,0.10902
0.93741,0.15141
0.94548,0.18169
0.95491,0.19179
0.97038,0.179
0.98586,0.13392
0.99865,0.07537
0.99259,0.01615
0.97375,-0.02355
0.94548,-0.03701
0.90982,-0.01144
0.87079,0.0397
0.8432,0.10363
0.83041,0.16958
0.8358,0.21736
0.8506,0.24293
0.85868,0.24495
0.84791,0.2288
0.82166,0.21669
0.78869,0.20659
0.7288,0.2039
0.66487,0.23149
0.58883,0.28533
0.52086,0.33714
0.50874,0.34993
0.55652,0.34186
0.6393,0.31426
0.74764,0.26783
0.87819,0.19785
0.9798,0.10363
1.0296,0.02221
1.0195,-0.02894
0.96635,-0.02826
0.88088,0.0148
0.79138,0.072
0.71332,0.12382
0.65814,0.16689
0.64401,0.19717
0.65747,0.20727
0.68909,0.17631
0.74831,0.12651
0.80282,0.06056
0.85531,0.00269
0.88761,-0.03163
0.92126,-0.03903
0.94481,-0.0148
0.95087,0.0397
0.94347,0.11104
0.93606,0.16891
0.92328,0.19448
0.90444,0.19246
0.87281,0.16353
0.84118,0.13055
0.82436,0.10094
0.81224,0.07672
0.8109,0.04509
0.83916,0.02692
0.88559,0.04576
0.92597,0.0646
0.96164,0.06797
0.98048,0.0646
0.98115,0.07268
0.95491,0.08479
0.91857,0.09085
0.88021,0.08344
0.83781,0.06864
0.78734,0.07133
0.75033,0.0821
0.71668,0.09219
0.69044,0.10229
0.6938,0.12988
0.72476,0.17362
0.75437,0.21534
0.78398,0.24428
0.79811,0.27523
0.79407,0.30282
0.7611,0.30753
0.70121,0.27254
0.65343,0.24361
0.63862,0.22207
0.61911,0.21063
0.6218,0.22207
0.66218,0.24899
0.69851,0.25976
0.73553,0.26312
0.78465,0.26514
0.84051,0.27389
0.8903,0.2934
0.91386,0.29677
0.91722,0.29475
0.90242,0.28802
0.87752,0.26514
0.85868,0.22813
0.85195,0.1891
0.85531,0.15881
0.86406,0.14536
0.88223,0.15545
0.9152,0.15545
0.9327,0.15747
0.94481,0.16353
0.94548,0.16689
0.93606,0.1716
0.92732,0.16689
0.91251,0.1568
0.88828,0.14132
0.86204,0.12853
0.84925,0.11844
0.83983,0.11036
0.8358,0.11373
0.8432,0.13122
0.86944,0.1541
0.91251,0.1642
0.95894,0.15881
1.0027,0.1467
1.0296,0.1218
1.0363,0.09758
1.0289,0.07873
1.0108,0.06326
0.98182,0.05653
0.95154,0.05922
0.92597,0.07066
0.91789,0.07941
0.92664,0.08546
0.94347,0.0895
0.96769,0.09354
0.99057,0.09085
1.006,0.08008
1.0161,0.06797
1.0148,0.05585
1.0007,0.04711
0.97779,0.04509
0.95894,0.05047
0.94145,0.05855
0.93203,0.06999
0.92933,0.07941
0.93943,0.08681
0.95356,0.08614
0.97173,0.0821
0.98653,0.07672
0.99663,0.06931
0.99932,0.06393
0.99865,0.0572
0.99124,0.05249
0.9798,0.05249
0.96567,0.05787
0.95491,0.06393
0.9502,0.06729
0.9502,0.072
0.95558,0.07604
0.96567,0.07739
0.97846,0.0747
0.98923,0.07066
0.99797,0.06797
0.99932,0.06662
0.9973,0.06528
0.98855,0.0646
0.97913,0.0646
0.96836,0.06528
0.96029,0.06864
0.95491,0.07066
0.95558,0.07268
0.96231,0.07402
0.97375,0.07402
0.98586,0.07268
0.99596,0.07133
1.0047,0.06797
1.0101,0.06729
1.0087,0.06662
1.0027,0.06729
0.99394,0.06729
0.98519,0.06864
0.97711,0.06662
0.96971,0.06662
0.96635,0.06393
0.96702,0.06056
0.96769,0.0572
0.97308,0.05518
0.97375,0.05249
0.97442,0.04912
0.97173,0.04711
0.96164,0.05316
0.94616,0.07066
0.9253,0.09152
0.86944,0.1393
0.81561,0.18506
0.76985,0.18977
0.7537,0.15209
0.77927,0.11844
0.83108,0.09892
0.88021,0.06662
0.91722,0.02557
0.93741,-0.00404
0.93606,0.00336
0.91251,0.02826
0.87752,0.0646
0.86473,0.10431
0.86002,0.13257
0.87213,0.15141
0.89165,0.14132
0.92328,0.10027
0.95289,0.04441
0.98384,-0.00067
1.002,-0.01817
1.002,-0.0249
0.98721,-0.01817
0.97779,0.01009
0.9724,0.05787
0.96365,0.11036
0.95692,0.15747
0.95087,0.19313
0.9475,0.20861
0.94212,0.21063
0.93606,0.19717
0.92799,0.17497
0.91386,0.15612
0.893,0.13997
0.87213,0.12584
0.85127,0.11305
0.82974,0.11575
0.82234,0.14266
0.83512,0.17429
0.86002,0.18506
0.8755,0.17025
0.88963,0.14401
0.89165,0.10834
0.87819,0.08681
0.86204,0.07604
0.83714,0.08277
0.82637,0.11777
0.82166,0.15276
0.82637,0.17429
0.84925,0.18439
0.88492,0.18506
0.91588,0.17295
0.93337,0.15007
0.94414,0.13257
0.9327,0.11238
0.91789,0.0821
0.88828,0.05451
0.84454,0.04441
0.78667,0.05451
0.74764,0.0895
0.71938,0.15343
0.68775,0.2113
0.66419,0.23553
0.65343,0.24361
0.65141,0.22745
0.64468,0.214
0.65074,0.19515
0.7039,0.16285
0.77859,0.13728
0.83781,0.1467
0.8903,0.1965
0.93674,0.26177
0.94347,0.32099
0.91789,0.34926
0.89636,0.36541
0.87684,0.37416
0.85464,0.35733
0.85195,0.30888
0.87684,0.22947
0.91991,0.14132
0.96971,0.05316
1.0087,-0.03768
1.0209,-0.09219
1.0195,-0.11171
1.0013,-0.09085
0.96433,-0.04711
0.9152,0.00404
0.88156,0.05451
0.8755,0.0969
0.88761,0.11507
0.92059,0.10902
0.97711,0.08546
1.0357,0.06326
1.0814,0.04509
1.105,0.02557
1.0996,0.01346
1.0619,0.01952
1.0047,0.0424
0.9401,0.07066
0.88559,0.10027
0.84993,0.12988
0.84522,0.15276
0.85127,0.15141
0.86608,0.12517
0.88425,0.09017
0.87886,0.08277
0.85733,0.07873
0.85262,0.1144
0.87079,0.18641
0.88694,0.25437
0.9004,0.31763
0.92597,0.34724
0.93203,0.34253
0.9401,0.32436
0.9475,0.30888
0.93472,0.28264
0.91184,0.24091
0.89367,0.22813
0.86137,0.25976
0.83445,0.30484
0.82637,0.33849
0.81695,0.34993
0.83243,0.33176
0.87146,0.27793
0.90847,0.20457
0.93135,0.12248
0.94414,0.06326
0.9401,0.03432
0.92126,0.02423
0.89098,0.03297
0.86944,0.06393
0.85195,0.11305
0.84589,0.14939
0.85733,0.1541
0.87415,0.14132
0.89232,0.11911
0.91116,0.07941
0.92193,0.04105
0.91655,0.01279
0.90444,0.00269
0.88019,0.00808
0.84452,0.02221
0.80414,0.02894
0.76848,0.03095
0.74358,0.04441
0.71397,0.05451
0.68302,0.06864
0.63659,0.10834
0.57871,0.19582
0.52017,0.29609
0.45153,0.38626
0.42529,0.46364
0.42731,0.54036
0.45557,0.59083
0.47508,0.58612
0.48114,0.53767
0.51479,0.52084
0.53363,0.5417
0.5417,0.54103
0.57131,0.50469
0.60765,0.47374
0.69446,0.3802
0.76444,0.22341
0.74627,0.12382
0.70119,0.1144
0.66418,0.14401
0.61707,0.17631
0.54305,0.22812
0.50469,0.27052
0.48854,0.32098
0.49258,0.39568
0.59554,0.43875
0.75569,0.43471
0.92123,0.43404
1.0558,0.40645
1.1312,0.33983
1.1332,0.25773
1.0982,0.2187
1.002,0.18573
0.8997,0.14602
0.83577,0.07941
0.79876,-0.00269
0.79809,-0.05922
0.82501,-0.07941
0.87278,-0.06191
0.91114,-0.02019
0.95286,0.03836
0.97372,0.10969
0.97574,0.16689
0.96363,0.19986
0.94546,0.2012
0.92258,0.17294
0.90105,0.13055
0.88557,0.08008
0.88086,0.03499
0.88961,0.00269
0.90508,-0.00875
0.92729,0.00606
0.94882,0.03566
0.96767,0.06797
0.96968,0.10027
0.96094,0.12045
0.94546,0.11574
0.92325,0.09084
0.89768,0.05653
0.87817,0.02288
0.86134,-0.00875
0.8526,-0.02624
0.85125,-0.03163
0.85663,-0.02355
0.86269,-0.01009
0.87144,0.02153
0.8822,0.05518
0.84721,0.06729
0.8176,0.04239
0.7779,0.04509
0.71868,0.0969
0.69715,0.13122
0.70859,0.11978
0.74896,0.08681
0.82568,0.04509
0.92056,0.00269
1.004,-0.03566
1.0565,-0.06258
1.0646,-0.06595
1.041,-0.03903
0.97843,0.02086
0.89095,0.08277
0.80616,0.12247
0.75839,0.15814
0.73753,0.18438
0.75368,0.19986
0.80751,0.21399
0.87749,0.23687
0.93469,0.23418
0.97776,0.2039
0.99929,0.1689
0.99391,0.14064
0.96228,0.10969
0.92056,0.08075
0.87749,0.06258
0.84519,0.05182
0.81895,0.05249
0.81491,0.05653
0.82635,0.06931
0.84519,0.0895
0.86875,0.11305
0.88961,0.12853
0.8997,0.12247
0.91383,0.1043
0.92931,0.08748
0.94546,0.06729
0.95353,0.04239
0.95084,0.01817
0.93738,0.00942
0.92662,0.0175
0.91518,0.0323
0.91181,0.04643
0.91249,0.05383
0.91585,0.05653
0.92325,0.05316
0.92393,0.03566
0.92594,0.01279
0.92796,-0.00336
0.93267,-0.01279
0.9394,-0.01279
0.94613,-0.00538
0.95555,0.00538
0.96363,0.02557
0.96632,0.04307
0.96767,0.05787
0.96901,0.06393
0.97103,0.06325
0.97372,0.05653
0.97305,0.04576
0.97372,0.03365
0.97372,0.02288
0.97238,0.01884
0.96901,0.02221
0.96565,0.0323
0.96295,0.04643
0.96161,0.06393
0.95959,0.08075
0.95353,0.08883
0.94411,0.08681
0.92998,0.08075
0.91518,0.06931
0.90845,0.05922
0.90912,0.05316
0.91518,0.04845
0.92662,0.04643
0.94411,0.04374
0.96094,0.04576
0.97305,0.04441
0.9791,0.04307
0.98112,0.04374
0.98247,0.04576
0.98449,0.04374
0.98516,0.03432
0.9892,0.02423
0.99391,0.0148
0.99458,0.00404
0.99593,-0.0074
1.0006,-0.01346
1.0013,-0.0148
0.99929,-0.01548
0.9966,-0.01548
1.0013,-0.01413
1.0033,-0.0175
1.0053,-0.02826
0.99929,-0.03903
0.99054,-0.04374
0.98853,-0.03499
0.98785,-0.01884
0.98112,0.00471
0.97641,0.02423
0.97103,0.03701
0.96497,0.03499
0.95959,0.02692
0.95892,0.01884
0.95757,0.00808
0.95892,-0.00135
0.95892,-0.00942
0.95959,-0.02086
0.96094,-0.02826
0.96094,-0.02759
0.9569,-0.01884
0.9495,-0.00808
0.94479,0.01346
0.9468,0.0323
0.95017,0.04374
0.94748,0.04509
0.94546,0.04374
0.93873,0.03903
0.92931,0.02961
0.92796,0.0249
0.93267,0.02288
0.9394,0.02894
0.94748,0.04038
0.9569,0.04778
0.96565,0.05518
0.96699,0.05451
0.97036,0.0471
0.97238,0.03297
0.97574,0.0148
0.97574,-0.00067
0.97709,-0.0074
0.97507,-0.00808
0.97507,-0.00336
0.9717,0.00606
0.97103,0.0175
0.96767,0.03163
0.97238,0.04239
0.97574,0.04374
0.98314,0.04105
0.99122,0.03365
0.99997,0.02826
1.0027,0.02221
1.002,0.01817
1.002,0.02019
0.99727,0.02759
0.99256,0.03499
0.98718,0.04576
0.9818,0.05316
0.97843,0.05989
0.97843,0.0646
0.98112,0.06527
0.98651,0.06191
0.99256,0.05518
0.99929,0.04912
1.0033,0.04509
1.0033,0.04307
1.0013,0.04105
0.99593,0.04441
0.98853,0.04778
0.98045,0.05383
0.97574,0.05922
0.97439,0.06527
0.97641,0.06662
0.98045,0.06527
0.98651,0.06258
0.99122,0.0572
0.99391,0.05316
0.99526,0.05047
0.99526,0.0498
0.99054,0.04845
0.98516,0.05182
0.98112,0.05451
0.97709,0.05989
0.97574,0.06191
0.97305,0.06258
0.97641,0.06056
0.9791,0.05922
0.98516,0.05585
0.98785,0.05047
0.99256,0.04643
0.99256,0.04643
0.99189,0.04576
0.9892,0.04576
0.98583,0.04845
0.98112,0.04912
0.97843,0.05182
0.97776,0.05182
0.97709,0.05383
0.9791,0.05182
0.98112,0.0498
0.98583,0.04778
0.98785,0.04778
0.98987,0.04509
0.98785,0.04643
0.98718,0.0471
0.98449,0.0498
0.98247,0.05182
0.97843,0.05451
0.97709,0.05653
0.97776,0.05787
0.97709,0.05922
0.9791,0.05854
0.97978,0.05989
0.98382,0.05989
0.98583,0.06124
0.98449,0.06258
0.98449,0.0646
0.98583,0.06595
0.98382,0.06864
0.98516,0.06998
0.98583,0.07133
0.98853,0.07133
0.98987,0.07469
0.99324,0.08075
0.99256,0.09017
0.99054,0.09825
0.98516,0.10228
0.97978,0.10834
0.97507,0.11574
0.96834,0.1218
0.96026,0.12449
0.95353,0.11709
0.95623,0.10565
0.96497,0.09488
0.9717,0.07739
0.98045,0.05989
0.99054,0.04576
1.0006,0.04239
1.0101,0.04307
1.0181,0.04441
1.0242,0.04643
1.0222,0.04845
1.0181,0.04576
1.0141,0.03701
1.0087,0.02961
1.0033,0.02692
0.99862,0.02557
0.9966,0.02759
0.99526,0.0323
1.006,0.03701
1.0154,0.04441
1.0289,0.04912
1.0424,0.05518
1.0504,0.06258
1.0484,0.06998
1.0376,0.07133
1.0181,0.07133
0.9966,0.06595
0.97305,0.05653
0.96094,0.04441
0.95353,0.03432
0.95353,0.02557
0.95824,0.0249
0.96767,0.02759
0.9791,0.03499
0.98718,0.04576
0.99189,0.05653
0.99189,0.06527
0.9892,0.07133
0.98449,0.07335
0.97372,0.07268
0.96632,0.06797
0.95892,0.06124
0.95353,0.05047
0.95152,0.04374
0.94882,0.04374
0.94277,0.05249
0.94479,0.06729
0.95488,0.08412
0.97305,0.09286
0.98853,0.09286
0.99324,0.08344
0.98045,0.06729
0.95757,0.05787
0.92931,0.04912
0.89364,0.02961
0.86067,0.01951
0.84721,0.0249
0.84587,0.03432
0.86403,0.04038
0.89768,0.03903
0.91249,0.03701
0.9071,0.03163
0.90777,0.02288
0.89634,0.02086
0.87615,0.02826
0.8499,0.0249
0.83712,0.03297
0.82568,0.04643
0.83712,0.05114
0.85461,0.03903
0.86673,0.03701
0.87009,0.05383
0.86875,0.06998
0.87682,0.07469
0.88288,0.06729
0.87682,0.05047
0.86942,0.03028
0.86807,0.01615
0.86,0.00538
0.85798,-0.00135
0.86471,-0.00202
0.88019,0.02759
0.89297,0.07469
0.91114,0.10901
0.93133,0.11911
0.95152,0.12987
0.9717,0.1393
0.9818,0.13728
0.97978,0.1292
0.97305,0.12113
0.96497,0.11978
0.95824,0.11574
0.95152,0.11574
0.94546,0.11171
0.9495,0.10767
0.95353,0.09825
0.96228,0.08546
0.96565,0.072
0.97103,0.05787
0.97238,0.05114
0.96834,0.04912
0.96363,0.05249
0.9569,0.06191
0.94748,0.07739
0.94344,0.09017
0.94815,0.09354
0.95488,0.09219
0.96161,0.08883
0.97439,0.07806
0.98247,0.06393
0.98785,0.04643
0.98718,0.03028
0.9818,0.02355
0.97641,0.0249
0.96834,0.03028
0.96026,0.04038
0.9569,0.05249
0.95892,0.06662
0.96161,0.07671
0.97036,0.07806
0.97776,0.07537
0.98853,0.06662
0.99458,0.05787
0.99862,0.0498
0.99929,0.04307
0.99593,0.03566
0.99054,0.03365
0.98516,0.03566
0.97843,0.04239
0.97709,0.0471
0.97776,0.05182
0.98112,0.05451
0.98583,0.05383
0.99391,0.04778
0.99997,0.04105
1.0053,0.03432
1.0087,0.02624
1.0074,0.02221
1.004,0.02153
1.0006,0.02355
0.9966,0.02826
0.99324,0.03499
0.99324,0.04441
0.99324,0.05114
0.99526,0.05518
0.99929,0.05787
1.002,0.0572
1.0027,0.05585
1.0027,0.05047
0.99929,0.04643
0.99458,0.04509
0.98785,0.04374
0.98449,0.04509
0.9791,0.04845
0.97641,0.05316
0.97709,0.0572
0.9791,0.06191
0.98247,0.06325
0.98516,0.06258
0.98718,0.06191
0.9892,0.05854
0.98987,0.05585
0.9892,0.05047
0.98785,0.04778
0.98718,0.04576
0.98583,0.04441
0.98112,0.04441
0.97776,0.04643
0.97305,0.04576
0.96767,0.04509
0.96026,0.0397
0.95286,0.03365
0.9495,0.02624
0.94546,0.02019
0.94479,0.01009
0.94882,0.00202
0.95488,-0.02086
0.94479,-0.07604
0.9394,-0.17361
0.9246,-0.2685
0.90777,-0.28667
0.88826,-0.23956
0.89432,-0.16554
0.90172,-0.06998
0.90441,0.01817
0.93536,0.09084
0.97574,0.12987
1.0067,0.1292
1.0242,0.09623
1.0309,0.05182
1.0329,0.01346
1.0141,-0.02624
0.98382,-0.05854
0.95084,-0.07941
0.93065,-0.07066
0.92258,-0.03566
0.92325,0.00808
0.93873,0.04912
0.96094,0.08479
0.98583,0.10498
1.0094,0.10498
1.0242,0.08008
1.0296,0.04509
1.0242,0.01144
1.0101,-0.01413
0.99054,-0.02759
0.96901,-0.02826
0.95219,-0.01279
0.94344,0.01009
0.94344,0.04239
0.95421,0.06191
0.97507,0.06998
0.99256,0.06797
1.0053,0.05585
1.0107,0.03297
1.008,0.00606
0.99526,-0.01346
0.97709,-0.02423
0.95959,-0.02759
0.93671,-0.00875
0.92123,0.02894
0.91652,0.06931
0.92191,0.10094
0.932,0.12113
0.95017,0.11507
0.97103,0.09084
0.98987,0.05989
1.0027,0.02894
0.99929,0.00471
0.99458,-0.00471
0.97843,0.00471
0.95219,0.02826
0.91989,0.05989
0.88624,0.10632
0.84385,0.16285
0.80145,0.22678
0.76108,0.28196
0.7382,0.31291
0.7207,0.32839
0.70321,0.31089
0.66148,0.26917
0.61102,0.2039
0.54507,0.10969
0.48652,0.01951
0.48316,-0.02894
0.52286,-0.03499
0.56862,-0.03566
0.64332,0.00606
0.71734,0.072
0.76377,0.1541
0.81424,0.21803
0.86202,0.21735
0.86673,0.18775
0.86,0.13324
0.86269,0.06527
0.86067,-0.01951
0.85192,-0.09152
0.84923,-0.11978
0.8526,-0.10901
0.86067,-0.07066
0.87144,-0.01682
0.88288,0.04576
0.89634,0.10094
0.91652,0.13526
0.93536,0.14199
0.95219,0.11709
0.95623,0.06998
0.94882,0.02355
0.92998,-0.01682
0.90643,-0.04307
0.88019,-0.04845
0.86538,-0.02759
0.85394,0.0148
0.84788,0.06662
0.85327,0.11238
0.8674,0.14131
0.88826,0.14535
0.90037,0.11978
0.90777,0.07133
0.9172,0.02153
0.91989,-0.00202
0.91921,0.00269
0.91787,0.0249
0.91652,0.05249
0.92056,0.07739
0.92796,0.10498
0.94008,0.12315
0.9495,0.12045
0.95892,0.10767
0.96497,0.08748
0.96968,0.06595
0.96632,0.05182
0.95892,0.04105
0.94748,0.03499
0.94075,0.03701
0.93536,0.05518
0.932,0.07806
0.92796,0.09959
0.92662,0.10699
0.92527,0.10363
0.91249,0.09892
0.90037,0.08546
0.88288,0.07739
0.86269,0.08883
0.84385,0.1218
0.82702,0.1615
0.80684,0.2039
0.79338,0.24158
0.78194,0.26917
0.7705,0.28397
0.76646,0.27859
0.76983,0.24965
0.77184,0.21803
0.77454,0.18438
0.77723,0.1615
0.7779,0.15343
0.77588,0.16285
0.76444,0.19919
0.74358,0.25638
0.70926,0.3082
0.67562,0.34992
0.65072,0.36136
0.62851,0.3405
0.63524,0.30147
0.65206,0.26177
0.67427,0.24427
0.6958,0.20995
0.72609,0.18707
0.75031,0.179
0.78328,0.18573
0.8028,0.21466
0.81424,0.23956
0.82635,0.25167
0.83712,0.25369
0.8526,0.23216
0.87144,0.19717
0.8923,0.15275
0.90306,0.12718
0.89835,0.12113
0.88826,0.11507
0.88355,0.11238
0.87076,0.11238
0.85529,0.1144
0.85192,0.11574
0.85529,0.11238
0.86605,0.10094
0.87413,0.0821
0.88153,0.06595
0.89297,0.05653
0.90576,0.04778
0.92931,0.03432
0.95152,0.02221
0.96699,0.01682
0.97036,0.01548
0.96767,0.01615
0.96026,0.01413
0.9495,0.02153
0.94008,0.0249
0.93065,0.02288
0.92123,0.02423
0.91518,0.02557
0.91787,0.02894
0.92594,0.02826
0.93065,0.0249
0.93806,0.02153
0.95152,0.01817
0.9643,0.01884
0.97574,0.0175
0.9818,0.01279
0.98516,0.01413
0.98045,0.01682
0.97372,0.0175
0.96497,0.01682
0.95959,0.01413
0.95623,0.01615
0.95488,0.02019
0.95421,0.02624
0.95555,0.03566
0.95824,0.04172
0.95959,0.04778
0.95623,0.05047
0.95219,0.0498
0.94748,0.04643
0.94142,0.04509
0.93402,0.04038
0.93133,0.03701
0.92864,0.03566
0.92931,0.03163
0.932,0.03028
0.93806,0.03297
0.94479,0.03634
0.9495,0.04105
0.9569,0.04307
0.96295,0.04038
0.96699,0.03903
0.97238,0.03566
0.97776,0.0323
0.98045,0.03095
0.98516,0.0323
0.98516,0.03634
0.98718,0.04172
0.98718,0.04576
0.98718,0.05114
0.98987,0.05383
0.99122,0.0572
0.99189,0.05518
0.99122,0.05383
0.99124,0.04912
0.99057,0.04643
0.98923,0.04374
0.98855,0.04374
0.9899,0.04441
0.99124,0.04509
0.99394,0.04711
0.99528,0.04778
0.99865,0.04912
1.002,0.05047
1.0054,0.04912
1.0067,0.04778
1.0108,0.04509
1.0087,0.0397
1.0013,0.03567
0.99326,0.03365
0.98384,0.03163
0.98451,0.0249
0.98586,0.02826
0.99057,0.03499
0.99394,0.0397
0.99932,0.04307
1.0047,0.04509
1.0074,0.04509
1.006,0.04172
1.0007,0.03567
0.99528,0.02759
0.98317,0.01413
0.96769,-0.00538
0.95221,-0.02624
0.93135,-0.04912
0.91049,-0.06258
0.8903,-0.06258
0.87281,-0.04307
0.85531,-0.0175
0.83041,0.01615
0.8109,0.05047
0.78263,0.06797
0.751,0.0397
0.74898,-0.04038
0.74898,-0.13055
0.75571,-0.20323
0.75571,-0.27927
0.75908,-0.35195
0.74831,-0.40175
0.75841,-0.41251
0.78532,-0.3856
0.80618,-0.32234
0.81022,-0.23553
0.80551,-0.15949
0.82772,-0.09152
0.85194,-0.05384
0.89367,-0.04643
0.93606,-0.05989
0.96904,-0.09825
0.98721,-0.13055
0.99461,-0.14266
0.98855,-0.13728
0.96971,-0.11642
0.95154,-0.07739
0.93068,-0.03297
0.92597,0.0074
0.92866,0.04509
0.94616,0.06729
0.96971,0.0747
0.99394,0.05989
1.0182,0.0323
1.0357,-0.00202
1.0383,-0.03028
1.0289,-0.04711
1.0148,-0.04576
0.99797,-0.03028
0.97442,-0.00673
0.95491,0.01817
0.94616,0.04307
0.94548,0.05922
0.95558,0.06662
0.97779,0.06258
1.002,0.04643
1.0215,0.02961
1.0383,0.00942
1.0451,-0.01077
1.0383,-0.0249
1.0168,-0.02759
0.99326,-0.01682
0.97106,0.00135
0.95221,0.02288
0.93875,0.04576
0.93404,0.06326
0.93741,0.07604
0.94885,0.07941
0.96433,0.07133
0.97779,0.06326
0.99259,0.05653
1.0013,0.04643
1.004,0.04038
0.99865,0.03567
0.98855,0.03634
0.97307,0.03768
0.9576,0.04307
0.94683,0.04576
0.9401,0.04576
0.93674,0.04845
0.94145,0.05653
0.95019,0.06191
0.9576,0.06124
0.96298,0.05653
0.965,0.05384
0.96433,0.04711
0.95894,0.03903
0.95356,0.03634
0.9475,0.03567
0.94279,0.03567
0.93943,0.04105
0.94077,0.04643
0.94616,0.05182
0.95289,0.05518
0.96029,0.05518
0.96836,0.05316
0.97509,0.04778
0.97846,0.04374
0.98048,0.03768
0.98182,0.03567
0.9798,0.03567
0.97711,0.0323
0.97779,0.03365
0.97846,0.03634
0.9798,0.0397
0.98115,0.04576
0.98115,0.04643
0.9825,0.04845
0.9825,0.05047
0.97913,0.0498
0.97375,0.04845
0.96635,0.04576
0.95625,0.04576
0.94548,0.04441
0.93337,0.04576
0.92328,0.04711
0.91587,0.0498
0.9078,0.05855
0.9004,0.06729
0.89569,0.07941
0.89098,0.09287
0.88492,0.10363
0.8755,0.11911
0.85598,0.13459
0.83781,0.15007
0.82301,0.15814
0.79071,0.16218
0.74427,0.16958
0.6965,0.17833
0.66487,0.2113
0.64333,0.30013
0.62786,0.41386
0.60632,0.50807
0.57671,0.61843
0.54912,0.71534
0.56056,0.76312
0.60699,0.76514
0.64804,0.73553
0.70322,0.67294
0.78802,0.60565
0.87819,0.54912
0.97846,0.52422
1.0774,0.55585
1.1319,0.62853
1.1151,0.70322
1.111,0.77927
1.0431,0.75168
0.9327,0.64804
0.81897,0.51076
0.69919,0.39098
0.60363,0.31628
0.57267,0.27321
0.57469,0.26312
0.60699,0.30081
0.65679,0.34185
0.69582,0.37887
0.69448,0.38761
0.69313,0.40915
0.69784,0.45087
0.68707,0.48721
0.71601,0.49057
0.77859,0.44145
0.77254,0.40175
0.75975,0.37416
0.7288,0.34926
0.67092,0.31494
0.63526,0.30955
0.6218,0.35195
0.61843,0.3856
0.65814,0.39434
0.72476,0.37483
0.77927,0.33782
0.74495,0.33041
0.65006,0.36743
0.52961,0.38627
0.39905,0.40107
0.29475,0.39704
0.26245,0.38492
0.25908,0.35733
0.31359,0.32503
0.40309,0.26783
0.51144,0.20727
0.6043,0.19515
0.6615,0.2113
0.70726,0.19179
0.73351,0.1467
0.73014,0.09017
0.71803,0.04105
0.73014,0.00538
0.74024,-0.02692
0.73149,-0.05653
0.73082,-0.06528
0.74158,-0.05787
0.75437,-0.04711
0.76715,-0.0498
0.78465,-0.05182
0.81426,-0.0498
0.8506,-0.05249
0.88694,-0.072
0.91251,-0.11036
0.91453,-0.14939
0.87483,-0.17968
0.83378,-0.19583
0.79609,-0.1891
0.78129,-0.16554
0.78196,-0.1642
0.80349,-0.17698
0.83378,-0.1642
0.85598,-0.14536
0.86944,-0.1319
0.87348,-0.11305
0.88223,-0.09623
0.86137,-0.08681
0.84791,-0.0821
0.82503,-0.08008
0.80147,-0.05518
0.81224,-0.03297
0.83714,-0.05249
0.85666,-0.0996
0.8681,-0.13459
0.86338,-0.14536
0.84589,-0.16218
0.82906,-0.17564
0.81493,-0.16285
0.81022,-0.12719
0.80484,-0.08681
0.81022,-0.0498
0.81964,-0.0074
0.83849,0.02557
0.86608,0.04912
0.89636,0.04711
0.91386,0.02826
0.93404,0.00135
0.95019,-0.02423
0.94952,-0.03768
0.93337,-0.0424
0.91857,-0.04105
0.89972,-0.02692
0.88088,-0.00606
0.86944,0.01682
0.86204,0.03365
0.858,0.04374
0.86069,0.04845
0.8654,0.05047
0.86944,0.04509
0.86944,0.03432
0.87415,0.02019
0.87886,0.00808
0.8829,-0.00269
0.88896,-0.00336
0.90174,0.00067
0.9253,0.0074
0.94885,0.01346
0.965,0.01548
0.96635,0.00875
0.95087,-0.00808
0.91857,-0.04105
0.8829,-0.08816
0.8432,-0.16689
0.80888,-0.26985
0.79744,-0.29744
0.78936,-0.24764
0.75975,-0.12786
0.70188,0.0323
0.64468,0.16285
0.58613,0.2288
0.55249,0.23082
0.56056,0.214
0.59959,0.13324
0.64939,0.00202
0.69313,-0.05989
0.72409,-0.09017
0.73822,-0.10027
0.75168,-0.08479
0.76917,-0.06056
0.79003,-0.0397
0.81695,-0.02557
0.82839,-0.03096
0.84791,-0.05047
0.87079,-0.07335
0.87886,-0.07537
0.86473,-0.05249
0.83108,-0.04172
0.79071,-0.03163
0.77658,-0.02153
0.78196,-0.01548
0.79138,-0.01884
0.81964,-0.01817
0.87213,-0.01615
0.92731,-0.00875
0.9724,-0.00404
1.004,0.01009
1.0121,0.0397
1.0074,0.0646
0.99259,0.08546
0.96836,0.09892
0.94279,0.09892
0.91655,0.09017
0.90578,0.06864
0.90578,0.04038
0.91924,0.02221
0.93203,0.01279
0.94279,0.01615
0.95423,0.03701
0.95356,0.06528
0.9401,0.09152
0.91251,0.1144
0.88021,0.1319
0.82301,0.15007
0.77254,0.17564
0.75908,0.17295
0.75571,0.13122
0.76581,0.0821
0.79407,0.04307
0.80753,0.03768
0.73754,0.1144
0.61103,0.22745
0.49327,0.31157
0.41319,0.39098
0.39434,0.38156
0.44818,0.29542
0.5572,0.18169
0.71063,0.08412
0.85598,-0.00135
0.94818,-0.09623
1.0054,-0.18573
0.98115,-0.23015
0.91453,-0.2288
0.85262,-0.18641
0.80349,-0.12651
0.76514,-0.0646
0.75841,0.00538
0.79205,0.05989
0.83647,0.06999
0.87886,0.0498
0.91655,0.01884
0.93808,-0.00135
0.93943,-0.0074
0.92799,-0.02288
0.90376,-0.03499
0.86877,-0.02624
0.84723,0.00135
0.83243,0.02826
0.83512,0.04307
0.8654,0.04038
0.9078,0.02355
0.94616,-0.00808
0.96567,-0.04374
0.97913,-0.06999
0.98788,-0.07604
0.98586,-0.05989
0.96365,-0.02086
0.94077,0.02557
0.92462,0.06393
0.90847,0.08546
0.90915,0.09085
0.92462,0.0747
0.93875,0.04441
0.95154,0.01615
0.96567,-0.01077
0.97711,-0.0323
0.97644,-0.03903
0.96836,-0.03096
0.95154,-0.00673
0.9253,0.02355
0.90309,0.05182
0.88021,0.072
0.85935,0.0821
0.83714,0.07941
0.81964,0.06864
0.80618,0.0498
0.79407,0.03836
0.79474,0.0498
0.78936,0.08143
0.78061,0.11709
0.78465,0.15814
0.79878,0.18506
0.79811,0.1965
0.80417,0.18169
0.82637,0.1467
0.85329,0.09421
0.87752,0.03096
0.89972,-0.0424
0.90511,-0.11238
0.8506,-0.14737
0.78802,-0.11911
0.73149,-0.07739
0.70255,-0.0249
0.6938,0.04307
0.73485,0.09421
0.8082,0.12315
0.8755,0.12315
0.95289,0.09421
1.0175,0.0249
1.0451,-0.04038
1.0377,-0.09085
1.0054,-0.12046
0.95894,-0.13055
0.91184,-0.11911
0.87684,-0.08546
0.85935,-0.0498
0.8654,-0.00808
0.89367,0.02355
0.93943,0.03567
0.99259,0.03297
1.0343,0.0249
1.0646,0.01682
1.0713,0.00673
1.0572,-0.00336
1.0269,-0.00404
0.98788,0.00538
0.94952,0.01682
0.91991,0.0249
0.90847,0.03432
0.91453,0.04105
0.93539,0.04038
0.96433,0.03701
0.99461,0.02759
1.0161,0.01884
1.0242,0.01279
1.0182,0.01144
0.99932,0.01144
0.97307,0.01682
0.94481,0.02557
0.92462,0.03432
0.91453,0.04374
0.91789,0.04643
0.92395,0.06258
0.91587,0.08614
0.89838,0.09758
0.88559,0.11036
0.88021,0.13055
0.89367,0.1319
0.93135,0.12248
0.95356,0.0996
0.95356,0.0969
0.93404,0.09287
0.89098,0.07133
0.80888,0.05585
0.74226,0.03365
0.67698,0.01615
0.64939,-0.00808
0.66285,-0.04172
0.72476,-0.08883
0.8008,-0.11709
0.88155,-0.08143
0.95087,-0.01952
0.99595,0.05653
1.0067,0.10296
0.98923,0.13122
0.95356,0.15208
0.91184,0.15814
0.86338,0.13526
0.8257,0.08412
0.81224,0.02826
0.81426,-0.01413
0.83108,-0.04912
0.85666,-0.06326
0.88357,-0.05518
0.90713,-0.02557
0.93539,0.01413
0.95491,0.04441
0.95894,0.05855
0.95894,0.05787
0.95423,0.04711
0.94347,0.03096
0.93068,0.01077
0.92328,-0.0074
0.92059,-0.01682
0.92126,-0.01615
0.92866,-0.00538
0.93674,0.01211
0.94347,0.03028
0.94952,0.04845
0.95423,0.06258
0.94616,0.06931
0.93203,0.072
0.91453,0.07133
0.88694,0.07133
0.86473,0.06528
0.8432,0.05384
0.83445,0.03297
0.83108,0.01077
0.83579,-0.00135
0.85531,-0.00135
0.88155,0.00606
0.90174,0.01682
0.91722,0.02961
0.91857,0.04038
0.90915,0.04845
0.90107,0.05653
0.88761,0.05518
0.87415,0.03567
0.85733,0.0148
0.85396,-0.0074
0.85262,-0.02624
0.84858,-0.0424
0.84589,-0.04576
0.8432,-0.03836
0.83041,-0.03096
0.83041,-0.01413
0.84522,0.00942
0.86877,0.03028
0.89232,0.05384
0.91184,0.06528
0.92664,0.0646
0.93606,0.05922
0.94279,0.05114
0.93606,0.03701
0.92799,0.02221
0.91049,0.00673
0.89367,-0.00606
0.88492,-0.01682
0.88963,-0.01682
0.90376,-0.00269
0.91924,0.01884
0.93472,0.03903
0.95962,0.06595
0.98115,0.08412
0.99124,0.08748
0.99057,0.07268
0.98855,0.05585
0.98048,0.04307
0.96365,0.02557
0.94818,0.01279
0.93606,0.01144
0.92731,0.02153
0.92059,0.03499
0.92059,0.04778
0.92126,0.06124
0.92328,0.07604
0.92059,0.08075
0.91857,0.0821
0.9152,0.07672
0.90174,0.06864
0.88021,0.06797
0.85531,0.07672
0.82906,0.0996
0.8008,0.1319
0.77994,0.16689
0.77186,0.19112
0.76312,0.2039
0.76312,0.19785
0.77725,0.17698
0.80147,0.15343
0.82166,0.14064
0.82974,0.13324
0.82368,0.15141
0.80686,0.18641
0.77052,0.23149
0.7261,0.27254
0.69246,0.27994
0.68371,0.25976
0.69111,0.21467
0.7113,0.17025
0.73687,0.13324
0.75504,0.09758
0.7759,0.07941
0.78869,0.0996
0.79205,0.15343
0.78465,0.23418
0.77859,0.31157
0.77052,0.36137
0.77388,0.37146
0.78802,0.33984
0.80686,0.27321
0.8109,0.20188
0.80349,0.13324
0.80013,0.0821
0.82503,0.06326
0.84656,0.08008
0.87079,0.11305
0.89232,0.16622
0.90309,0.20861
0.88694,0.2288
0.87348,0.22544
0.86608,0.19785
0.858,0.16352
0.84925,0.12382
0.8506,0.0969
0.86271,0.08883
0.87684,0.0996
0.89838,0.11575
0.90847,0.12584
0.92126,0.13795
0.93875,0.15208
0.94212,0.15545
0.93539,0.14468
0.92328,0.12719
0.90982,0.11844
0.89501,0.12382
0.8903,0.11978
0.89367,0.12584
0.91049,0.14536
0.91789,0.1642
0.91789,0.16958
0.92799,0.16016
0.95019,0.13863
0.96904,0.11104
0.98855,0.09421
1.0074,0.08748
1.0215,0.08614
1.0323,0.08748
1.0417,0.0996
1.039,0.107
1.0262,0.10969
1.0168,0.10834
1.0094,0.10027
1.0027,0.08816
0.99932,0.072
0.99999,0.05518
1.006,0.0397
1.0155,0.02692
1.0215,0.02355
1.0235,0.02423
1.0202,0.02624
1.0141,0.03297
1.0047,0.03701
0.99326,0.03903
0.9798,0.04105
0.965,0.0397
0.95962,0.03634
0.95625,0.03028
0.95625,0.0249
0.96298,0.02221
0.96904,0.01884
0.97711,0.01682
0.98586,0.01615
0.98923,0.0175
0.98923,0.02288
0.98653,0.02557
0.97913,0.02894
0.9724,0.03163
0.96433,0.03634
0.95962,0.03903
0.9576,0.03836
0.95894,0.03836
0.965,0.0397
0.97173,0.03836
0.97779,0.03903
0.98048,0.0397
0.9825,0.0397
0.97913,0.0424
0.97307,0.04441
0.96702,0.04711
0.95894,0.04845
0.95289,0.04845
0.95154,0.04643
0.95356,0.04374
0.95827,0.03634
0.965,0.03297
0.97375,0.02894
0.98115,0.02759
0.98855,0.02826
0.99461,0.03297
0.99865,0.03836
0.99932,0.04441
0.9973,0.05047
0.99326,0.05922
0.98721,0.06528
0.98115,0.06931
0.97846,0.07402
0.97442,0.08143
0.97509,0.08546
0.97442,0.08883
0.97711,0.09421
0.97779,0.0996
0.97779,0.10094
0.98384,0.0996
0.9899,0.09623
0.99865,0.09556
1.004,0.09623
1.006,0.09825
0.99932,0.10565
0.98855,0.11709
0.96971,0.12853
0.95289,0.13324
0.94145,0.1319
0.93606,0.12315
0.93539,0.10229
0.9401,0.07941
0.95021,0.06258
0.9603,0.05047
0.97241,0.04038
0.97443,0.03903
0.96838,0.04643
0.9529,0.0646
0.93742,0.08546
0.92733,0.09825
0.92463,0.10027
0.92934,0.0969
0.94078,0.08277
0.95895,0.0646
0.97847,0.04307
0.99799,0.01952
1.0135,0.00067
1.0182,-0.00942
1.0121,-0.01077
1.0007,-0.00404
0.98789,0.00942
0.97376,0.02221
0.96232,0.03365
0.95694,0.03365
0.95895,0.02019
0.9677,0.00202
0.98385,-0.01682
1.0013,-0.03028
1.0162,-0.03836
1.0249,-0.03836
1.0289,-0.01884
1.0229,0.0074
1.0094,0.03903
0.99597,0.05787
0.97914,0.06864
0.96703,0.0673
0.96097,0.05451
0.9603,0.03836
0.96568,0.0148
0.97712,-0.00067
0.99327,-0.00606
1.0061,0.00673
1.0155,0.03096
1.0202,0.05787
1.0135,0.08546
0.99462,0.11238
0.97107,0.12651
0.95895,0.11911
0.9529,0.08479
0.95694,0.02961
0.97309,-0.03297
0.98856,-0.09018
1.0074,-0.12921
1.0162,-0.14468
1.0188,-0.13257
1.0094,-0.09152
0.98587,-0.04441
0.95761,-0.00269
0.93944,0.02625
0.93607,0.03701
0.94549,0.03769
0.95963,0.03634
0.98654,0.02288
1.0155,0.00135
1.0404,-0.01548
1.0532,-0.02221
1.0552,-0.02288
1.0505,-0.01548
1.035,0.00067
1.0135,0.0175
0.9926,0.03499
0.97847,0.04845
0.97309,0.05585
0.97847,0.05316
0.98924,0.0424
1.0054,0.02759
1.0215,0.01615
1.035,0.00471
1.0417,0.00067
1.0417,0.00135
1.033,0.01077
1.0182,0.02759
1.0047,0.04374
0.99193,0.05316
0.98453,0.05855
0.98183,0.0572
0.98385,0.05047
0.99395,0.0424
1.0054,0.02894
1.0162,0.01884
1.0236,0.01548
1.0269,0.01615
1.0242,0.02423
1.0168,0.03567
1.0074,0.04643
0.99597,0.05653
0.98856,0.06258
0.98251,0.06326
0.98251,0.0572
0.98722,0.05182
0.99058,0.04307
0.99731,0.0397
0.99866,0.0397
0.99529,0.0424
0.98453,0.05451
0.96501,0.0747
0.9428,0.09758
0.92127,0.11507
0.90243,0.12113
0.89099,0.11979
0.88291,0.11306
0.88156,0.10162
0.88358,0.08412
0.89368,0.06864
0.90916,0.05182
0.92665,0.03634
0.9428,0.02423
0.94617,0.01817
0.93136,0.0249
0.91521,0.03701
0.90377,0.05316
0.9031,0.0673
0.90983,0.07806
0.91252,0.08412
0.91656,0.07739
0.93338,0.06393
0.95357,0.04711
0.97107,0.02894
0.98587,0.00875
0.99866,-0.00269
1.0034,0
1.0013,0.01144
0.99395,0.02221
0.98116,0.03365
0.96636,0.04711
0.95761,0.05451
0.95222,0.0498
0.95222,0.04038
0.95492,0.02826
0.96299,0.01548
0.97443,0.00336
0.98654,-0.00942
0.99664,-0.01682
1.004,-0.01279
1.0047,-0.00135
1,0.01346
0.9926,0.02355
0.98587,0.03163
0.97914,0.03903
0.97309,0.03836
0.97309,0.03432
0.97712,0.02557
0.98722,0.01615
0.99529,0.01077
1.0034,0.00538
1.0094,0.00471
1.0101,0.00942
1.0094,0.01548
1.0027,0.02557
0.99529,0.03163
0.98587,0.03499
0.98049,0.03365
0.97847,0.03028
0.9778,0.02557
0.97982,0.01682
0.98251,0.00942
0.98654,0.0074
0.98789,0.01077
0.98722,0.01817
0.9852,0.02826
0.98251,0.04172
0.98049,0.05451
0.97982,0.06057
0.97847,0.06124
0.97847,0.05585
0.98116,0.04576
0.98453,0.03365
0.98654,0.01817
0.98587,0.00067
0.98251,-0.01211
0.9751,-0.0148
0.96703,-0.00942
0.95626,0.00606
0.94751,0.02759
0.93944,0.05047
0.93204,0.07402
0.92934,0.0895
0.93204,0.09219
0.94213,0.08143
0.95357,0.06326
0.96972,0.03499
0.98654,0.00942
0.99866,-0.00606
0.99866,-0.0074
0.98856,0.00135
0.97174,0.02355
0.9529,0.0498
0.93809,0.07066
0.93338,0.09018
0.94078,0.107
0.95559,0.11373
0.97982,0.10902
1.0013,0.0969
1.0121,0.08546
1.0114,0.07672
1.002,0.06931
0.98453,0.05855
0.96299,0.05047
0.94751,0.05316
0.9354,0.06191
0.93136,0.06662
0.93675,0.06864
0.94886,0.06999
0.96434,0.07066
0.9778,0.06931
0.98789,0.06191
0.99058,0.05451
0.98789,0.04913
0.98116,0.04643
0.96703,0.04441
0.95626,0.04172
0.95021,0.0397
0.94886,0.04038
0.94617,0.0397
0.94886,0.04441
0.95424,0.04643
0.95895,0.04778
0.96366,0.04643
0.96568,0.04172
0.96299,0.03163
0.9603,0.02423
0.95895,0.01413
0.95761,0.00336
0.95492,-0.00538
0.9529,-0.01009
0.95222,-0.00673
0.95357,-0.00202
0.95492,0.00269
0.95895,0.00404
0.96299,0.0074
0.96501,0.00673
0.96568,0
0.96366,-0.01144
0.95963,-0.01817
0.95222,-0.01817
0.94348,-0.02153
0.94213,-0.03163
0.94886,-0.03836
0.95828,-0.03836
0.96568,-0.03163
0.97107,-0.02019
0.97039,-0.01144
0.97039,-0.00673
0.96972,-0.01144
0.96838,-0.01817
0.96636,-0.02086
0.96366,-0.02086
0.9677,-0.01952
0.97712,-0.01817
0.98654,-0.01615
0.99462,-0.01009
1.004,0
1.0094,0.01211
1.0135,0.02355
1.0114,0.03028
1.0067,0.03499
0.99799,0.03567
0.98856,0.0323
0.98183,0.02557
0.97914,0.01682
0.98049,0.01211
0.98453,0.01009
0.99058,0.01077
1.0007,0.01413
1.0094,0.02153
1.0162,0.02894
1.0202,0.03499
1.0188,0.03567
1.0155,0.03163
1.0101,0.02692
1.0034,0.02221
0.99597,0.01615
0.98856,0.01077
0.98654,0.00875
0.98722,0.00875
0.98991,0.01211
0.99462,0.01682
1,0.02423
1.0047,0.03163
1.0067,0.03567
1.0074,0.03836
1.0061,0.03836
1.0047,0.03769
1,0.03432
0.99799,0.02961
0.99866,0.0249
0.99933,0.02355
1.0007,0.0249
1.0047,0.03028
1.0067,0.03365
1.0074,0.03903
1.0067,0.04509
1.0047,0.04711
0.99866,0.04845
0.99193,0.04913
0.98385,0.0498
0.97712,0.04778
0.97309,0.04643
0.9751,0.04576
0.98116,0.04576
0.98722,0.04441
0.99664,0.04509
1.0013,0.04509
0.99866,0.04374
0.99327,0.03701
0.97982,0.03163
0.96568,0.0323
0.95088,0.0323
0.9428,0.03365
0.93809,0.03634
0.94078,0.04374
0.95222,0.05384
0.96838,0.06528
0.98251,0.0747
0.99664,0.08277
1.0061,0.08681
1.0088,0.08546
1.0074,0.07941
1,0.06999
0.98924,0.05585
0.98116,0.04711
0.97376,0.04172
0.97039,0.03769
0.97107,0.04038
0.97578,0.04643
0.98183,0.05585
0.98924,0.06326
0.99327,0.06662
0.99395,0.06797
0.98856,0.0646
0.98251,0.05787
0.97174,0.04913
0.96366,0.04374
0.95761,0.03499
0.9529,0.03028
0.95424,0.03096
0.95895,0.03297
0.9677,0.03836
0.97914,0.04172
0.98856,0.04509
0.99799,0.04711
1,0.04711
1,0.04778
0.99462,0.04643
0.9852,0.04105
0.97376,0.03634
0.96501,0.03163
0.96097,0.02961
0.96097,0.02826
0.96636,0.02826
0.9778,0.02961
0.98856,0.03096
1,0.0323
1.0061,0.03028
1.0101,0.02894
1.0114,0.02625
1.0067,0.02557
1.0027,0.02625
0.99731,0.02625
0.99529,0.02826
0.99462,0.03028
0.99462,0.03365
0.99731,0.03634
1.002,0.03634
1.0088,0.03567
1.0135,0.03701
1.0188,0.03701
1.0195,0.03836
1.0182,0.03769
1.0155,0.03903
1.0088,0.03903
1.0067,0.04038
1.0027,0.0424
1.0013,0.04374
1.0034,0.04374
1.0061,0.04441
1.0108,0.04509
1.0168,0.04509
1.0215,0.04441
1.0269,0.04509
1.0269,0.04307
1.0262,0.04441
1.0236,0.04441
1.0175,0.04441
1.0155,0.04576
1.0141,0.04643
1.0148,0.04643
1.0155,0.04441
1.0182,0.04441
1.0188,0.04441
1.0209,0.04374
1.0215,0.04441
1.0229,0.04576
1.0209,0.0498
1.0202,0.05585
1.0168,0.06057
1.0128,0.06595
1.0088,0.06864
1.0067,0.06999
1.0061,0.07201
1.0054,0.07335
1.0067,0.07201
1.0054,0.06864
1.0074,0.06326
1.0088,0.05989
1.0121,0.05855
1.0148,0.0572
1.0175,0.05585
1.0175,0.0572
1.0148,0.06393
1.0135,0.07201
1.0114,0.07874
1.0081,0.08748
1.0054,0.09892
1.0061,0.10767
1.0074,0.11642
1.0114,0.12517
1.0168,0.12853
1.0215,0.12786
1.0215,0.11911
1.0195,0.10498
1.0209,0.08479
1.0215,0.0646
1.0188,0.05047
1.0162,0.04038
1.0182,0.03903
1.0229,0.04172
1.0269,0.04913
1.0323,0.06326
1.0377,0.07335
1.0363,0.0821
1.0337,0.09085
1.0303,0.09152
1.0236,0.07941
1.0195,0.06662
1.0168,0.04711
1.0148,0.02894
1.0162,0.01413
1.0188,0.0074
1.0195,0.01144
1.0222,0.02221
1.0256,0.03634
1.0276,0.05114
1.0296,0.0646
1.0269,0.06999
1.0256,0.06931
1.0229,0.06258
1.0195,0.04778
1.0168,0.03499
1.0141,0.02221
1.0101,0.01413
1.0088,0.01144
1.0101,0.01346
1.0101,0.02221
1.0114,0.03297
1.0128,0.04374
1.0141,0.05047
1.0155,0.05585
1.0128,0.05384
1.0101,0.04711
1.0088,0.03903
1.0067,0.02826
1.0047,0.02019
1.0034,0.01413
0.99866,0.01413
0.99799,0.01817
0.99799,0.02625
0.99933,0.03634
0.99933,0.04643
1.0013,0.05182
0.99866,0.05316
0.9926,0.05114
0.98654,0.04913
0.9778,0.04643
0.96501,0.04845
0.95424,0.05182
0.94146,0.05922
0.92934,0.0673
0.91858,0.06528
0.9031,0.06528
0.88089,0.07739
0.85936,0.09085
0.83715,0.10431
0.821,0.13324
0.81427,0.15882
0.80956,0.16689
0.80889,0.16689
0.81292,0.14939
0.82638,0.12988
0.8459,0.1144
0.84119,0.0996
0.82302,0.09421
0.79745,0.11171
0.77524,0.14065
0.74361,0.15949
0.73015,0.15814
0.72409,0.15747
0.72073,0.15343
0.7315,0.15074
0.75774,0.14805
0.79543,0.15478
0.87484,0.14468
0.95492,0.12315
1.0094,0.10834
1.0397,0.09219
1.0478,0.08412
1.0316,0.07941
0.98789,0.07874
0.92665,0.07672
0.87685,0.0821
0.84186,0.09219
0.82436,0.10431
0.83177,0.10565
0.86272,0.10162
0.90243,0.09623
0.94953,0.08816
0.98789,0.07672
1.0094,0.06931
1.0128,0.0673
1.002,0.0673
0.98183,0.06595
0.95424,0.06528
0.92733,0.06528
0.90377,0.07066
0.88695,0.07806
0.88156,0.07874
0.89166,0.07335
0.90848,0.0673
0.92867,0.06124
0.94684,0.05989
0.9603,0.05989
0.96636,0.06797
0.96568,0.07874
0.95828,0.08681
0.94549,0.0969
0.92934,0.10498
0.91589,0.10565
0.90848,0.10296
0.90848,0.09825
0.91925,0.09421
0.93271,0.08479
0.94953,0.07201
0.9677,0.06595
0.98183,0.06595
0.98924,0.06595
0.98991,0.07739
0.9852,0.09219
0.97309,0.1144
0.95895,0.13526
0.94348,0.15276
0.93271,0.16218
0.92329,0.16084
0.92261,0.15276
0.93002,0.13863
0.94011,0.1218
0.95222,0.107
0.95828,0.09825
0.96434,0.09825
0.96703,0.107
0.96568,0.12584
0.96165,0.14536
0.95357,0.16151
0.94482,0.16756
0.94011,0.16958
0.94078,0.16084
0.94213,0.14805
0.94415,0.13257
0.9529,0.11979
0.96501,0.11238
0.97376,0.11373
0.9778,0.1218
0.98183,0.12719
0.9852,0.13055
0.98453,0.13123
0.98318,0.13594
0.97914,0.13594
0.97712,0.12853
0.97712,0.11844
0.98183,0.10363
0.98587,0.09287
0.99193,0.08816
0.99799,0.08681
0.99866,0.08412
0.99462,0.08546
0.98924,0.08681
0.98116,0.08816
0.97174,0.08479
0.96636,0.08277
0.96972,0.08412
0.9751,0.08614
0.98385,0.08883
0.99462,0.08883
1.0101,0.09085
1.0209,0.09018
1.0236,0.09152
1.0215,0.08614
1.0162,0.07941
1.0061,0.07201
0.99597,0.06662
0.98924,0.05922
0.9852,0.05451
0.9852,0.04913
0.98924,0.04643
0.99462,0.04576
1.0013,0.04374
1.0067,0.04643
1.0121,0.0498
1.0162,0.05316
1.0188,0.05451
1.0168,0.05182
1.0128,0.04711
1.0081,0.04307
1.0034,0.03567
0.99799,0.02894
0.99462,0.02221
0.99395,0.01952
0.99664,0.02221
0.99866,0.0249
1.002,0.02961
1.004,0.03365
1.0061,0.03769
1.0054,0.04105
1.004,0.04038
0.99933,0.03769
0.99664,0.03365
0.99462,0.02961
0.99395,0.02692
0.99193,0.02625
0.99126,0.02692
0.99126,0.03297
0.99327,0.03836
0.99395,0.04576
0.99597,0.05249
0.99866,0.05787
1.0013,0.05989
1.002,0.06258
1.0054,0.05989
1.0061,0.05653
1.0081,0.05114
1.0094,0.04778
1.0094,0.04441
1.0101,0.04172
1.0108,0.03769
1.0101,0.03701
1.0114,0.03836
1.0108,0.0397
1.0121,0.04038
1.0094,0.04105
1.0074,0.0397
1.0054,0.03701
1.0027,0.0323
1.0007,0.02826
0.99664,0.02423
0.99462,0.02019
0.98991,0.01817
0.98722,0.01615
0.98385,0.01682
0.97982,0.01615
0.97645,0.0175
0.97107,0.01682
0.9677,0.01548
0.96434,0.01279
0.95963,0.01009
0.95626,0.00538
0.9529,0.00336
0.94617,0.00135
0.94078,0.00269
0.93338,0.00471
0.93002,0.00808
0.92665,0.00808
0.92934,0.00538
0.9354,0.00135
0.94146,-0.00135
0.94886,0.00202
0.95895,0.01009
0.96905,0.02019
0.98251,0.03028
0.98587,0.04374
0.98049,0.05316
0.97107,0.06528
0.96097,0.06662
0.94953,0.06057
0.94751,0.0424
0.95357,0.01884
0.95895,0.00067
0.95828,-0.00336
0.9529,0.00875
0.93877,0.02894
0.92261,0.04576
0.90646,0.05855
0.88762,0.06999
0.86407,0.07941
0.85936,0.06662
0.87416,0.04509
0.89233,0.01548
0.90646,-0.01952
0.91656,-0.06057
0.93473,-0.08412
0.93877,-0.09219
0.94685,-0.0821
0.95694,-0.0498
0.95559,0.00808
0.94348,0.06326
0.92868,0.10229
0.92396,0.12853
0.91454,0.13863
0.90243,0.13324
0.90445,0.10498
0.91118,0.06595
0.90781,0.03432
0.91118,0.00471
0.9206,-0.01211
0.92935,0
0.93137,0.03028
0.93742,0.05787
0.95156,0.07672
0.96838,0.08479
0.98318,0.07874
1.0014,0.06191
1.0182,0.04038
1.0276,0.01279
1.0269,-0.0175
1.0296,-0.03499
1.0256,-0.03903
1.0162,-0.02961
1.0061,-0.01279
1.002,0.00606
1.0054,0.02355
1.0108,0.03163
1.0222,0.03297
1.0343,0.0323
1.0451,0.02759
1.0512,0.02355
1.0518,0.01682
1.0471,0.0148
1.0384,0.01682
1.0263,0.02355
1.0155,0.02894
1.0088,0.03499
1.0081,0.04374
1.0094,0.05182
1.0155,0.05249
1.0189,0.04845
1.0242,0.04307
1.0296,0.03365
1.031,0.02625
1.0316,0.02153
1.0283,0.01682
1.0242,0.0175
1.0195,0.0249
1.0155,0.03499
1.0128,0.04038
1.0108,0.04576
1.0128,0.04913
1.0168,0.04913
1.0236,0.04441
1.0289,0.03567
1.0363,0.02826
1.0397,0.02355
1.039,0.02355
1.037,0.02557
1.0323,0.03297
1.0276,0.04374
1.0222,0.05316
1.0175,0.06595
1.0141,0.06999
1.0114,0.07268
1.0101,0.06999
1.0088,0.06326
1.0101,0.05586
1.0168,0.04711
1.0229,0.04643
1.0283,0.04845
1.0303,0.05451
1.0296,0.06258
1.0296,0.06864
1.0316,0.08008
1.0289,0.08748
1.0289,0.08816
1.0249,0.08748
1.0215,0.0821
1.0182,0.07537
1.0141,0.07201
1.0101,0.07874
1.0074,0.09219
1.0074,0.10094
1.0094,0.11306
1.0088,0.12652
1.0148,0.13459
1.0189,0.13392
1.0195,0.13594
1.0256,0.13594
1.0249,0.1393
1.0263,0.1393
1.0303,0.14065
1.037,0.13997
1.033,0.1319
1.0289,0.12786
1.031,0.12719
1.0438,0.13055
1.0491,0.13324
1.0572,0.13997
1.068,0.12248
1.0673,0.09085
1.0633,0.05047
1.0572,0.01884
1.0458,-0.00135
1.0249,-0.00808
1.0067,-0.00269
0.99462,0.0175
0.98991,0.04172
0.99462,0.06797
1.0054,0.08883
1.0202,0.10162
1.0323,0.09489
1.0464,0.08345
1.0545,0.06326
1.0532,0.0397
1.0451,0.01952
1.0357,0.00471
1.0242,0.00135
1.0135,0.01009
1.0034,0.02759
0.99732,0.04711
0.99866,0.06057
1.004,0.0673
1.0094,0.07133
1.0182,0.0673
1.0229,0.05451
1.0242,0.03903
1.0222,0.02423
1.0182,0.01077
1.0088,0.00538
1.002,0.00808
0.99462,0.01615
0.99126,0.02961
0.98924,0.04778
0.98991,0.06191
0.99193,0.0673
0.99193,0.06595
0.99059,0.05787
0.98588,0.04576
0.97511,0.03499
0.95896,0.02355
0.94146,0.01279
0.91993,0.00808
0.90647,0.01077
0.90512,0.02086
0.90983,0.0424
0.9206,0.05989
0.92868,0.06662
0.93473,0.06931
0.93742,0.06393
0.92733,0.05114
0.90983,0.04576
0.88695,0.0498
0.86407,0.04913
0.87349,0.0397
0.89166,0.03701
0.90108,0.04576
0.88493,0.07335
0.86676,0.09556
0.83783,0.12382
0.76919,0.1642
0.70189,0.21131
0.65546,0.23082
0.61777,0.25438
0.57672,0.27255
0.59556,0.26245
0.64536,0.2214
0.69785,0.15478
0.77255,0.06057
0.86542,-0.01952
0.93339,-0.06797
0.97646,-0.07941
1.0034,-0.05518
1.0014,-0.00875
0.97511,0.06393
0.92935,0.12921
0.88897,0.16622
0.86003,0.18641
0.85465,0.17968
0.85734,0.13728
0.88426,0.09892
0.93069,0.06931
0.98318,0.05249
1.0303,0.04374
1.0673,0.06124
1.107,0.10229
1.1306,0.13392
1.1333,0.15411
1.1131,0.17362
1.0801,0.20727
1.0411,0.23486
1.0141,0.24361
1.0061,0.23486
1.0135,0.23755
1.037,0.25303
1.072,0.29543
1.0794,0.34186
1.0653,0.39099
1.0505,0.40444
1.0323,0.41185
1,0.39502
0.99328,0.34523
1.0101,0.28331
1.0182,0.24428
1.0182,0.25909
0.98722,0.28601
0.93339,0.30619
0.87686,0.30485
0.83244,0.29879
0.79947,0.29408
0.80822,0.30014
0.84859,0.29004
0.90647,0.25034
0.96232,0.21602
1.0101,0.22948
1.039,0.28331
1.0599,0.34186
1.0767,0.34994
1.0626,0.34051
1.0054,0.34859
0.93877,0.33715
0.87349,0.30081
0.86878,0.27995
0.94281,0.25438
1.0357,0.25505
1.0895,0.30552
1.1084,0.38426
1.1299,0.44348
1.107,0.50606
1.0397,0.54307
0.96838,0.53298
0.90512,0.53163
0.91252,0.54442
0.99462,0.44751
1.1036,0.24832
1.173,0.09421
1.2241,0.02221
1.2409,-0.06191
1.2106,-0.15276
1.1373,-0.18641
1.0128,-0.18304
0.88628,-0.11979
0.79005,-0.02692
0.74967,0.06191
0.71602,0.13594
0.7315,0.21804
0.79072,0.28331
0.86744,0.29812
0.92464,0.25909
0.96367,0.21871
0.96232,0.20996
0.89839,0.2315
0.80283,0.26582
0.72006,0.29879
0.64536,0.35532
0.57066,0.4354
0.53163,0.49664
0.535,0.53163
0.55922,0.55788
0.58547,0.55249
0.63729,0.51616
0.6642,0.48587
0.68372,0.45088
0.70054,0.40108
0.68305,0.36878
0.61575,0.36407
0.54913,0.38829
0.54846,0.44886
0.55249,0.5249
0.57066,0.58143
0.59085,0.60027
0.607,0.61777
0.61912,0.59758
0.63661,0.54038
0.62787,0.48655
0.60027,0.43473
0.61306,0.38493
0.60902,0.34051
0.57605,0.3136
0.56595,0.29072
0.55519,0.29408
0.52827,0.30216
0.53029,0.2887
0.57201,0.28937
0.607,0.34321
0.67026,0.38897
0.74092,0.3856
0.76178,0.35128
0.76313,0.29677
0.76246,0.21265
0.749,0.12988
0.71804,0.07402
0.69449,0.0572
0.69449,0.06124
0.70189,0.06326
0.74092,0.08008
0.79072,0.11709
0.8459,0.17093
0.89435,0.21669
0.95156,0.24092
0.98588,0.23621
0.9879,0.20727
0.9879,0.15007
0.97646,0.07874
0.94348,0.01413
0.90243,-0.02961
0.86744,-0.04509
0.84052,-0.02961
0.82975,0.00404
0.83446,0.04711
0.856,0.08412
0.88763,0.11508
0.92935,0.1319
0.96973,0.12988
0.99732,0.10969
1.0121,0.07604
1.0101,0.04711
0.99462,0.02423
0.9704,0.01279
0.94281,0.01952
0.92666,0.03836
0.91656,0.06528
0.91791,0.09085
0.93204,0.10835
0.95223,0.11642
0.97444,0.11642
0.98991,0.10633
1.0007,0.08883
1.004,0.07335
0.99866,0.06864
0.98588,0.06528
0.96569,0.06864
0.94483,0.07335
0.93002,0.07941
0.92666,0.08143
0.93204,0.08681
0.94281,0.08412
0.9603,0.08075
0.97713,0.07537
0.98991,0.07941
0.99462,0.08008
0.99395,0.08075
0.98588,0.07874
0.97713,0.07537
0.96434,0.06797
0.94685,0.05989
0.93742,0.05249
0.93406,0.04845
0.93271,0.04711
0.9381,0.04576
0.94752,0.04845
0.95896,0.05384
0.97107,0.05451
0.9852,0.05384
0.99395,0.04643
1.0007,0.0397
1.0007,0.03432
0.99866,0.02625
0.98857,0.02153
0.97915,0.01615
0.96905,0.01682
0.963,0.01682
0.96098,0.02019
0.96367,0.02557
0.97107,0.02625
0.97847,0.02625
0.98655,0.02423
0.9852,0.0249
0.97444,0.03903
0.96771,0.06124
0.963,0.07604
0.94617,0.0821
0.9206,0.07604
0.90983,0.05989
0.90108,0.02557
0.9031,-0.01548
0.90781,-0.04441
0.91387,-0.04845
0.91387,-0.03701
0.91454,-0.02086
0.9206,-0.0074
0.92464,0.00538
0.92127,0.01952
0.91993,0.02961
0.92262,0.03903
0.92262,0.04172
0.91858,0.03769
0.90849,0.0323
0.89099,0.02826
0.8782,0.01884
0.86744,0.01413
0.86474,0.01817
0.8634,0.02557
0.86407,0.03701
0.8708,0.05653
0.88224,0.07268
0.88897,0.08412
0.89503,0.0895
0.90983,0.08143
0.92127,0.05989
0.91925,0.01884
0.90647,-0.03028
0.89368,-0.07806
0.87417,-0.10633
0.84792,-0.12382
0.79745,-0.11844
0.73352,-0.09152
0.67363,-0.04845
0.63527,0.01144
0.62517,0.05787
0.66151,0.06595
0.7315,0.06797
0.80889,0.06258
0.88291,0.03769
0.92598,0.02221
0.9529,0.00606
0.95829,-0.00404
0.93675,-0.00471
0.90176,0.01077
0.8809,0.03163
0.86811,0.05316
0.86542,0.07335
0.88291,0.07874
0.90849,0.07133
0.94348,0.06662
0.97847,0.05855
1.0034,0.04509
1.0155,0.02625
1.0141,0.01009
1.0054,0.00606
0.98857,0.00606
0.97242,0.01009
0.96098,0.01548
0.96098,0.02355
0.96434,0.0323
0.9704,0.03836
0.9852,0.04172
1,0.0397
1.0074,0.03769
1.0088,0.03432
1.0067,0.03297
1.004,0.03297
1.0061,0.03365
1.0094,0.03365
1.0088,0.03836
1.0101,0.04643
1.0141,0.05518
1.0182,0.06662
1.0209,0.07133
1.0215,0.07335
1.0202,0.07133
1.0148,0.06864
1.0108,0.06326
1.0094,0.05855
1.0067,0.05989
1.004,0.06931
1.0067,0.08345
1.0094,0.09354
1.0148,0.10094
1.0182,0.10229
1.0195,0.10027
1.0182,0.09152
1.0155,0.08345
1.0094,0.07806
1.0034,0.07739
0.99462,0.07806
0.99261,0.07874
0.99126,0.08075
0.99328,0.09421
1,0.10902
1.0047,0.11979
1.0088,0.11844
1.0101,0.11508
1.0047,0.11036
0.99462,0.09892
0.97915,0.08681
0.96703,0.07672
0.96098,0.06999
0.95896,0.06864
0.96502,0.06999
0.97847,0.06931
0.99799,0.06864
1.0148,0.06864
1.0283,0.07066
1.037,0.06528
1.0363,0.05855
1.0289,0.05182
1.0162,0.04576
1.0014,0.03903
0.9852,0.03365
0.97376,0.02826
0.96973,0.02826
0.9704,0.02826
0.97511,0.03297
0.98386,0.03701
0.98991,0.04374
0.99395,0.05384
0.9879,0.06662
0.97646,0.07806
0.9529,0.08681
0.90243,0.0996
0.84456,0.11373
0.7961,0.11104
0.75909,0.08008
0.74631,0.04374
0.75102,0.00942
0.77592,-0.02826
0.82908,-0.04105
0.8782,-0.01682
0.9132,0.03769
0.95425,0.09287
0.9852,0.16084
0.99462,0.21535
1.004,0.2389
1.0229,0.23419
1.0168,0.20592
0.98991,0.16689
0.9603,0.11306
0.93339,0.04845
0.9132,0
0.90041,-0.02086
0.8957,-0.01884
0.9058,-0.00135
0.93271,0.02826
0.95627,0.06999
0.97376,0.10767
0.98722,0.13324
0.99395,0.13796
0.98991,0.12315
0.97713,0.09152
0.95425,0.05249
0.93271,0.02086
0.9132,-0.00538
0.90714,-0.02288
0.9132,-0.02557
0.92733,-0.01144
0.95021,0.00942
0.97376,0.02894
0.99395,0.0424
1.0094,0.04643
1.0108,0.03297
1,-0.01077
0.9778,-0.07402
0.93473,-0.1393
0.87955,-0.20054
0.82706,-0.26985
0.78803,-0.3136
0.76044,-0.27322
0.74429,-0.19448
0.77995,-0.09758
0.82908,0.0074
0.88359,0.09152
0.96165,0.15814
1.0478,0.17362
1.1023,0.13055
1.101,0.05518
1.074,-0.00942
1.0323,-0.05855
0.97376,-0.10162
0.92666,-0.13123
0.89234,-0.12652
0.88157,-0.0996
0.89974,-0.0673
0.94281,-0.02894
0.9953,0.00067
1.0471,0.02288
1.0888,0.04374
1.1057,0.04576
1.105,0.02961
1.0808,0.00404
1.0512,-0.0148
1.0182,-0.02826
0.99261,-0.03567
0.9778,-0.03365
0.97646,-0.01884
0.99395,0.00808
1.0202,0.03432
1.0532,0.05384
1.0875,0.0646
1.1164,0.07201
1.1312,0.07133
1.1279,0.06326
1.1124,0.05249
1.0882,0.04509
1.0606,0.04307
1.0323,0.04778
1.0148,0.05384
1.0027,0.0572
1.0027,0.0572
1.0155,0.05384
1.0343,0.04509
1.0592,0.03297
1.0821,0.01952
1.1003,0.00673
1.1077,-0.00336
1.1043,-0.00942
1.0929,-0.00875
1.0761,-0.00404
1.0586,0.00202
1.0444,0.00942
1.0363,0.01413
1.0343,0.01548
1.0404,0.01413
1.0471,0.01346
1.0525,0.01211
1.0612,0.00808
1.0653,0
1.0612,-0.01211
1.0518,-0.02423
1.0411,-0.03567
1.0276,-0.04374
1.0101,-0.0424
0.99934,-0.03432
0.9879,-0.01952
0.97915,-0.00673
0.9778,0.00471
0.9852,0.01279
0.99597,0.01615
1.0101,0.0148
1.0236,0.0074
1.033,0.00135
1.0377,-0.00269
1.0377,-0.00202
1.0316,0
1.0215,0.00471
1.0114,0.01346
1.0047,0.02221
1.004,0.02759
1.0034,0.03028
1.0067,0.02894
1.0108,0.02557
1.0175,0.02288
1.0236,0.01548
1.0242,0.00942
1.0256,0.00538
1.0215,0.00135
1.0175,0.00269
1.0121,0.00404
1.0074,0.00606
1.0061,0.00942
1.0054,0.01144
1.0081,0.01144
1.0148,0.0074
1.0209,0.00336
1.0289,-0.00336
1.035,-0.00673
1.0404,-0.01211
1.0431,-0.01548
1.0438,-0.0148
1.0417,-0.01279
1.037,-0.01009
1.0316,-0.00538
1.0263,-0.00135
1.0256,-0.00135
1.0242,-0.00673
1.0276,-0.0148
1.0283,-0.01615
1.031,-0.01279
1.0303,-0.00875
1.0303,-0.00404
1.0263,0.00269
1.0195,0.00875
1.0121,0.01413
1.0067,0.01817
1.0007,0.0175
0.99799,0.01615
0.99799,0.01548
0.99664,0.01279
0.99866,0.00942
1.0014,0.00538
1.0027,0.00202
1.0027,0.00067
1,0
0.99597,-0.00202
0.98722,-0.00471
0.97847,-0.01211
0.96838,-0.01952
0.95963,-0.02961
0.94954,-0.03499
0.93877,-0.03028
0.93541,-0.0074
0.93742,0.02625
0.94752,0.05922
0.96636,0.08008
0.98857,0.08547
1.0088,0.0821
1.0236,0.07335
1.0229,0.06124
1.0108,0.05653
0.9953,0.05855
0.96973,0.06191
0.94281,0.06326
0.91589,0.06864
0.90647,0.06191
0.89234,0.03499
0.87215,-0.00606
0.84254,-0.03432
0.81294,-0.03903
0.76852,-0.01682
0.69248,0.03567
0.61778,0.09825
0.54914,0.14805
0.49194,0.19045
0.45425,0.19785
0.44819,0.18641
0.45021,0.17901
0.4704,0.22006
0.52155,0.31293
0.59759,0.36676
0.64941,0.40983
0.65816,0.46098
0.66287,0.50943
0.69988,0.53029
0.73622,0.49395
0.78266,0.42127
0.8163,0.30351
0.81563,0.17833
0.77727,0.11171
0.73959,0.09758
0.71805,0.10162
0.69853,0.13594
0.67969,0.19179
0.68508,0.26784
0.73218,0.32437
0.81159,0.33514
0.88023,0.31697
0.94955,0.27322
1.0216,0.20593
1.0781,0.13796
1.1023,0.06999
1.0882,0.02826
1.0646,0.01615
1.0343,0.03567
0.98858,0.07537
0.93138,0.11575
0.88831,0.15142
0.87014,0.17228
0.86543,0.17362
0.87754,0.15545
0.89504,0.13055
0.90379,0.11037
0.90244,0.10162
0.89369,0.09421
0.87216,0.09085
0.85399,0.09691
0.84053,0.11171
0.84659,0.12854
0.86139,0.13055
0.88091,0.12046
0.9085,0.10767
0.9334,0.09489
0.95224,0.08143
0.95964,0.06662
0.9583,0.06393
0.93676,0.06932
0.90513,0.08479
0.87418,0.107
0.85264,0.13527
0.85264,0.15074
0.8661,0.15074
0.88831,0.142
0.91186,0.12786
0.93071,0.107
0.94484,0.07941
0.94888,0.06191
0.94484,0.0498
0.9334,0.04374
0.91927,0.04307
0.9011,0.05115
0.88427,0.0673
0.87418,0.07941
0.86947,0.08681
0.86947,0.08883
0.87485,0.08681
0.87687,0.07806
0.87687,0.07133
0.87014,0.06057
0.8587,0.05182
0.84389,0.04711
0.82572,0.04643
0.80957,0.04778
0.79881,0.05384
0.79208,0.06393
0.79342,0.06999
0.80621,0.07268
0.8264,0.06662
0.83447,0.05989
0.83447,0.05989
0.81967,0.05989
0.79073,0.07941
0.74362,0.11306
0.69315,0.14671
0.65277,0.16891
0.61509,0.17362
0.58077,0.17901
0.5848,0.19987
0.59086,0.23419
0.6023,0.26044
0.6595,0.27322
0.71401,0.27322
0.71738,0.24361
0.69584,0.20122
0.65883,0.15209
0.5848,0.10094
0.53029,0.08681
0.49665,0.11777
0.463,0.1965
0.43743,0.29005
0.463,0.37888
0.51616,0.43541
0.55587,0.4778
0.58211,0.51212
0.59153,0.50472
0.59288,0.43743
0.59961,0.31293
0.60567,0.17362
0.6023,0.07335
0.59894,0.03836
0.58682,0.04442
0.59692,0.08749
0.62384,0.15007
0.66018,0.21602
0.69921,0.27995
0.73622,0.31024
0.75776,0.29678
0.7692,0.25303
0.7766,0.18574
0.78131,0.10633
0.78266,0.02423
0.79275,-0.02961
0.80823,-0.03836
0.8264,-0.02625
0.84255,-0.01009
0.86543,0.01211
0.89773,0.0397
0.91792,0.05787
0.92801,0.06864
0.9334,0.06595
0.9408,0.05182
0.93946,0.03163
0.93542,0.00404
0.92667,-0.02086
0.9159,-0.03701
0.90917,-0.03903
0.90984,-0.03028
0.90984,-0.0175
0.9085,0.00067
0.91388,0.02019
0.9233,0.0397
0.92936,0.05249
0.9408,0.05989
0.94955,0.05787
0.95763,0.04576
0.96166,0.02557
0.96234,0.00404
0.96301,-0.01884
0.96435,-0.03499
0.96234,-0.04105
0.95561,-0.03298
0.94686,-0.0175
0.94349,0.0074
0.94215,0.02961
0.94215,0.04643
0.94013,0.05586
0.93744,0.06057
0.93273,0.05989
0.926,0.05316
0.92129,0.04845
0.91927,0.05384
0.91119,0.05989
0.90446,0.06326
0.89975,0.04711
0.891,0.01682
0.86206,-0.00471
0.80957,-0.01548
0.74766,0.01009
0.71872,0.03499
0.71199,0.05316
0.73218,0.06326
0.80083,0.05249
0.88091,0.04038
0.94618,-0.00336
1.0014,-0.05922
1.0491,-0.10027
1.066,-0.11306
1.0404,-0.10162
0.98925,-0.07066
0.93003,-0.02961
0.8661,0.02557
0.80419,0.06662
0.77256,0.08143
0.76516,0.0821
0.77727,0.10027
0.80083,0.13392
0.81832,0.18439
0.82842,0.23083
0.81832,0.26111
0.76718,0.26515
0.71738,0.26918
0.69248,0.26111
0.68036,0.25034
0.64806,0.25169
0.63191,0.26918
0.64604,0.30754
0.66421,0.34994
0.66489,0.3883
0.67094,0.41791
0.61576,0.42464
0.5027,0.40916
0.41589,0.36138
0.40714,0.27188
0.41656,0.214
0.41387,0.20795
0.45223,0.2739
0.48588,0.3809
0.50809,0.48924
0.52558,0.53299
0.57673,0.5027
0.59288,0.42868
0.54846,0.34725
0.48924,0.26918
0.45425,0.21198
0.43204,0.21467
0.42599,0.23486
0.44348,0.22881
0.47646,0.1891
0.48386,0.15815
0.5027,0.1319
0.5202,0.13257
0.52693,0.16218
0.51751,0.20727
0.50203,0.26649
0.51482,0.29476
0.50809,0.31629
0.48992,0.35802
0.4953,0.38561
0.54577,0.35936
0.57067,0.31562
0.59019,0.249
0.62249,0.19449
0.6595,0.17968
0.69921,0.18843
0.73286,0.2066
0.76785,0.20862
0.79611,0.1891
0.82169,0.16286
0.83313,0.14267
0.83515,0.11979
0.82774,0.09893
0.81765,0.10498
0.80554,0.10498
0.80083,0.09893
0.784,0.09421
0.75641,0.11508
0.75103,0.13661
0.75708,0.14671
0.74564,0.14132
0.73689,0.12046
0.74295,0.09018
0.73622,0.08076
0.72747,0.10296
0.74362,0.12988
0.76987,0.14603
0.79073,0.16084
0.79746,0.16824
0.7914,0.16488
0.78266,0.1642
0.76516,0.16622
0.73757,0.16151
0.71805,0.17093
0.70661,0.19516
0.69315,0.21669
0.69652,0.22679
0.69921,0.23957
0.67835,0.28264
0.66354,0.33581
0.65883,0.3634
0.62451,0.37215
0.58009,0.3708
0.51616,0.38561
0.41589,0.39705
0.30754,0.36878
0.19516,0.29745
0.02557,0.20727
-0.07537,0.15344
-0.07201,0.1642
0.00606,0.22612
0.1393,0.33446
0.27591,0.42599
0.32841,0.50001
0.3311,0.54846
0.28466,0.52424
0.27861,0.43608
0.26313,0.35061
0.24294,0.24698
0.24967,0.17295
0.28332,0.15949
0.36071,0.14065
0.49463,0.13661
0.61845,0.21333
0.7268,0.31629
0.82303,0.38224
0.84389,0.38897
0.77794,0.38292
0.69046,0.38561
0.57269,0.37349
0.42262,0.36676
0.32235,0.34119
0.30081,0.27188
0.32639,0.18574
0.38022,0.09085
0.43473,0.01413
0.5027,-0.03028
0.54846,-0.0323
0.55452,0.00942
0.53097,0.07133
0.48588,0.14469
0.42733,0.21333
0.37888,0.23823
0.34523,0.23957
0.34456,0.22813
0.36475,0.19785
0.42733,0.15007
0.50809,0.12113
0.5875,0.10027
0.64133,0.07066
0.64806,0.04172
0.64066,0.03769
0.61307,0.08547
0.55721,0.17295
0.50674,0.2638
0.48722,0.32168
0.51482,0.32437
0.59221,0.26918
0.69853,0.12517
0.7941,-0.01884
0.85466,-0.1171
0.89437,-0.17161
0.90244,-0.1891
0.88764,-0.16891
0.85264,-0.13863
0.82101,-0.07066
0.77996,0.03163
0.76516,0.12517
0.77323,0.18103
0.79746,0.20189
0.83784,0.19718
0.88293,0.14334
0.9233,0.0572
0.96974,-0.0323
0.99195,-0.10835
0.98724,-0.15411
0.97041,-0.1494
0.93609,-0.10094
0.89369,-0.02153
0.86745,0.07739
0.8587,0.17228
0.87418,0.23083
0.90581,0.24361
0.95291,0.20795
0.99397,0.13998
1.0249,0.05249
1.0431,-0.03836
1.0438,-0.11306
1.0242,-0.1568
0.99262,-0.15882
0.95224,-0.12113
0.91523,-0.06124
0.88966,0.0074
0.88495,0.06595
0.90042,0.10229
0.92734,0.11508
0.95628,0.10566
0.98925,0.07672
1.0128,0.03365
1.0155,-0.01279
0.99531,-0.05047
0.95964,-0.07133
0.92196,-0.06999
0.88629,-0.04913
0.86341,-0.01279
0.85264,0.02826
0.85332,0.05518
0.86408,0.06864
0.8735,0.06999
0.88158,0.05586
0.88764,0.03701
0.87956,0.04307
0.86947,0.0673
0.86678,0.08412
0.87822,0.11238
0.89908,0.13527
0.91321,0.1642
0.92465,0.17901
0.93609,0.16622
0.93205,0.14401
0.90917,0.11238
0.89504,0.06797
0.88158,0.01548
0.8836,-0.03836
0.88562,-0.06662
0.89033,-0.05989
0.89975,-0.02019
0.90648,0.04576
0.91859,0.10094
0.93138,0.14805
0.93003,0.17632
0.92061,0.18372
0.91792,0.15815
0.91927,0.11104
0.91927,0.05518
0.91052,0.00202
0.90783,-0.03365
0.91657,-0.05249
0.92801,-0.04576
0.94013,-0.01817
0.95224,0.01346
0.95964,0.03432
0.9583,0.05384
0.95426,0.06326
0.94147,0.04913
0.92465,0.02355
0.9159,-0.00067
0.91657,-0.02355
0.92263,-0.0424
0.926,-0.04778
0.93205,-0.0323
0.94417,-0.01077
0.95359,0.00538
0.96234,0.02086
0.96839,0.03499
0.96435,0.04307
0.9583,0.03634
0.95426,0.02288
0.95224,0.00538
0.94888,-0.01009
0.9482,-0.02019
0.95157,-0.02692
0.9583,-0.02423
0.96907,-0.01548
0.98051,0.00269
0.98724,0.02019
0.99127,0.0323
0.99733,0.03567
0.99598,0.03499
0.99127,0.02759
0.98858,0.01952
0.98656,0.00606
0.98522,-0.00404
0.98522,-0.0074
0.98724,-0.00875
0.98925,-0.00404
0.99733,0.00606
1.0061,0.01682
1.0128,0.0249
1.0195,0.03567
1.0249,0.04105
1.0242,0.04105
1.0216,0.03432
1.0162,0.02557
1.0115,0.0175
1.0068,0.01346
1.0061,0.0074
1.0074,0.00875
1.0128,0.01279
1.0195,0.01884
1.0269,0.0249
1.0317,0.02826
1.0337,0.03096
1.0343,0.03499
1.033,0.03499
1.0269,0.0323
1.0216,0.02557
1.0189,0.02019
1.0155,0.01548
1.0148,0.01279
1.0168,0.01211
1.0222,0.01346
1.0276,0.02086
1.033,0.02625
1.0377,0.03432
1.0404,0.04038
1.0417,0.04509
1.0438,0.04913
1.0438,0.04913
1.0444,0.04913
1.0458,0.04643
1.0505,0.04105
1.0572,0.03163
1.0666,0.02961
1.0794,0.02961
1.0929,0.03028
1.1003,0.02894
1.1077,0.02692
1.1057,0.02288
1.0996,0.01952
1.0821,0.01481
1.0579,0.00942
1.0364,-0.00202
1.0155,-0.01481
1,-0.02153
0.99397,-0.02355
0.998,-0.02759
1.0088,-0.02826
1.0209,-0.02557
1.035,-0.01481
1.0438,-0.00404
1.0444,0.00471
1.0384,0.01009
1.0256,0.01346
1.0101,0.01144
0.98925,0.00942
0.97647,0.00336
0.97243,-0.00404
0.97445,-0.01682
0.98387,-0.02423
0.998,-0.02557
1.0094,-0.02423
1.0229,-0.01952
1.0296,-0.01144
1.0283,-0.00067
1.0216,0.00808
1.0088,0.01346
1.0007,0.01144
0.98993,0.00606
0.98589,-0.00135
0.98589,-0.01413
0.99127,-0.02625
1.0027,-0.03298
1.0168,-0.03701
1.0303,-0.03567
1.0411,-0.02759
1.0471,-0.01817
1.0458,-0.00942
1.0391,-0.00471
1.031,0
1.0242,-0.00202
1.0189,-0.00269
1.0142,-0.00942
1.0088,-0.01279
1.0101,-0.01817
1.0162,-0.01952
1.0202,-0.02153
1.0236,-0.01952
1.0263,-0.01817
1.0249,-0.01077
1.0182,-0.00471
1.0115,-0.00135
1.0054,0.00067
0.99868,-0.00269
0.99262,-0.00606
0.9906,-0.01211
0.99666,-0.01952
1.0061,-0.02288
1.0162,-0.02692
1.0283,-0.02625
1.037,-0.0249
1.0444,-0.02019
1.0411,-0.01211
1.0296,-0.00471
1.0101,0.00269
0.99127,0.00404
0.97445,0.00202
0.96772,-0.00606
0.97243,-0.02153
0.98185,-0.03769
0.99868,-0.04442
1.0189,-0.0424
1.0357,-0.03567
1.0458,-0.0175
1.0465,0.00202
1.0384,0.02557
1.0222,0.04374
1.0014,0.05316
0.98656,0.05249
0.97176,0.04374
0.96503,0.02894
0.96839,0.01211
0.97647,-0.00269
0.99127,-0.01211
1.0074,-0.01279
1.0229,-0.00336
1.0303,0.01144
1.0317,0.02625
1.0249,0.04307
1.0135,0.05586
0.99598,0.05989
0.98051,0.0572
0.96907,0.04643
0.96435,0.03298
0.96503,0.02288
0.96974,0.01346
0.97781,0.00404
0.99127,-0.00538
1.002,-0.01346
1.0101,-0.01548
1.0081,-0.00808
1.0034,0.00135
0.99531,0.01481
0.98051,0.03028
0.96099,0.04711
0.94349,0.05922
0.93071,0.06528
0.92263,0.06259
0.92129,0.05115
0.926,0.03701
0.93676,0.02355
0.9482,0.01009
0.96435,0.00135
0.97041,0.00269
0.96368,0.00942
0.95022,0.02423
0.93273,0.0424
0.91927,0.05855
0.90783,0.07268
0.90244,0.08076
0.90379,0.08143
0.91523,0.06797
0.9334,0.04509
0.95561,0.02086
0.97108,0.00808
0.98185,0.00808
0.98589,0.0175
0.98522,0.03096
0.97849,0.05047
0.96907,0.06662
0.96435,0.07133
0.9657,0.06662
0.9758,0.0572
0.9832,0.04643
0.98724,0.03701
0.99531,0.03096
1.002,0.0323
1.0007,0.03769
0.99666,0.04778
0.98589,0.06326
0.97176,0.07403
0.95291,0.07604
0.93744,0.07201
0.92129,0.05855
0.91254,0.04442
0.91388,0.03028
0.9233,0.02288
0.93542,0.0249
0.95022,0.03567
0.96637,0.05047
0.97378,0.0673
0.97781,0.08277
0.96907,0.09489
0.9583,0.10566
0.94618,0.10364
0.93609,0.09354
0.93407,0.07806
0.9408,0.06259
0.95022,0.04509
0.96368,0.02894
0.97849,0.02221
0.99262,0.02086
1,0.02288
1.0014,0.03028
0.998,0.04105
0.98993,0.04778
0.98118,0.04576
0.97378,0.03567
0.96974,0.0249
0.96705,0.01279
0.97041,-0.00538
0.97916,-0.01682
0.99127,-0.02288
1.0014,-0.01952
1.0108,-0.00875
1.0175,0.00135
1.0229,0.01144
1.0216,0.02086
1.0189,0.0249
1.0121,0.02557
1.0054,0.01884
1,0.00875
0.99464,-0.00067
0.99397,-0.0074
0.99666,-0.01144
1.0007,-0.00875
1.0061,-0.00538
1.0121,0.00336
1.0168,0.01279
1.0182,0.02153
1.0175,0.0249
1.0162,0.02423
1.0155,0.0175
1.0142,0.00404
1.0115,-0.01346
1.0068,-0.02759
1.0054,-0.03903
1.0034,-0.04172
0.99598,-0.04038
0.98724,-0.03634
0.97041,-0.04105
0.93946,-0.04778
0.9085,-0.05047
0.87822,-0.05047
0.85735,-0.03836
0.86005,-0.01952
0.87284,-0.00202
0.87351,0.02961
0.88562,0.07133
0.89505,0.10633
0.91658,0.12786
0.93004,0.12517
0.926,0.10566
0.91322,0.06864
0.9186,0.02961
0.93004,-0.01952
0.93677,-0.06528
0.95225,-0.08076
0.9684,-0.06259
0.98388,-0.0249
0.99397,0.0175
0.99195,0.05451
0.9859,0.0895
0.97446,0.11373
0.96167,0.11373
0.95427,0.08547
0.95225,0.04038
0.96032,0.00202
0.97378,-0.02423
0.98724,-0.03903
1.0034,-0.03836
1.0189,-0.0175
1.0269,0.01817
1.0256,0.05115
1.0148,0.07335
1.0034,0.08681
0.99263,0.08412
0.97984,0.07066
0.97109,0.04374
0.96907,0.01346
0.96907,-0.01346
0.9758,-0.02961
0.98455,-0.03432
0.99599,-0.02692
1.0061,-0.00875
1.0148,0.01682
1.0216,0.04374
1.0229,0.05989
1.0195,0.0673
1.0115,0.06393
1.0034,0.04643
0.99532,0.02557
0.98926,0.00269
0.98724,-0.01817
0.98926,-0.02759
0.99397,-0.02759
1.0007,-0.01682
1.0068,0.00336
1.0128,0.02423
1.0182,0.04509
1.0175,0.0572
1.0148,0.06124
1.0108,0.05451
1.0061,0.04307
1.0007,0.02423
0.99734,0.00673
0.99666,-0.00606
0.99868,-0.00942
1.0027,-0.00269
1.0101,0.01009
1.0169,0.02759
1.0236,0.04307
1.0276,0.05316
1.0323,0.05855
1.033,0.05384
1.0323,0.04172
1.033,0.0249
1.0337,0.00673
1.0323,-0.01077
1.033,-0.0249
1.0343,-0.03298
1.0337,-0.03432
1.035,-0.03163
1.0343,-0.02759
1.0323,-0.02153
1.031,-0.0175
1.029,-0.01548
1.0256,-0.01279
1.0195,-0.01481
1.0142,-0.01817
1.0074,-0.02086
1.002,-0.02153
0.99935,-0.02086
0.99801,-0.0175
0.99734,-0.01144
1.0007,-0.00471
1.0007,0
1.0014,0.00202
1.0027,0.00471
1.0034,0
1.0027,-0.00135
1.0014,-0.00606
0.99868,-0.01077
0.99397,-0.01346
0.99061,-0.01682
0.98791,-0.01817
0.98724,-0.01615
0.98657,-0.01279
0.98926,-0.0074
0.99263,-0.00336
0.99532,0.00067
1,0.00202
1.0007,0.00202
1.0027,-0.00067
1.0007,-0.00336
1.0014,-0.00471
1.0007,-0.00471
1,-0.0074
1.002,-0.0074
1.0027,-0.00538
1.0041,-0.00538
1.0061,-0.00538
1.0094,-0.00538
1.0135,-0.00538
1.0182,-0.00404
1.0236,-0.00538
1.0269,-0.00606
1.0296,-0.00808
1.0303,-0.00875
1.0303,-0.01077
1.029,-0.00875
1.0269,-0.00673
1.0256,-0.00404
1.0263,0.00202
1.0249,0.00404
1.0249,0.00538
1.0236,0.00538
1.0209,0.00606
1.0195,0.00875
1.0189,0.00875
1.0135,0.00808
1.0108,0.0074
1.0088,0.00875
1.0068,0.00942
1.0061,0.00942
1.0061,0.01009
1.0061,0.01077
1.0081,0.01211
1.0088,0.01211
1.0088,0.01279
1.0088,0.01279
1.0074,0.01211
1.0068,0.01009
1.0061,0.01077
1.0061,0.01009
1.0061,0.00942
1.0041,0.01009
1.0047,0.01009
1.0054,0.00808
1.0054,0.01077
1.0068,0.00875
1.0088,0.00942
1.0081,0.01077
1.0074,0.01144
1.0081,0.01144
1.0068,0.01144
1.0068,0.01144
1.0047,0.01009
1.0041,0.00808
1.0027,0.00606
1.0047,0.00404
1.0041,0.00336
1.0041,0.00269
1.0041,0.00336
1.0041,0.00135
1.0014,0.00202
1.0007,0.00135
0.99935,0.00202
0.99666,0.00269
0.99599,0.00269
0.9933,0.00404
0.99061,0.00336
0.99061,0.00336
0.99061,0.00404
0.99061,0.00606
0.99195,0.00673
0.99397,0.00875
0.99532,0.00942
0.99599,0.01346
0.99532,0.01481
0.99532,0.01682
0.99397,0.01884
0.99263,0.01952
0.99128,0.01884
0.9933,0.01817
0.99263,0.01682
0.9933,0.01615
0.99397,0.01682
0.99532,0.01682
0.99599,0.0175
0.99599,0.01817
0.99397,0.02019
0.99397,0.02288
0.99263,0.02423
0.9933,0.02557
0.99464,0.02692
0.99599,0.02625
0.99935,0.02625
1.0007,0.02153
0.99935,0.01548
0.99868,0.00875
0.99599,0.00269
0.99195,0.00067
0.9859,-0.00067
0.98118,0.00135
0.97782,0.00808
0.97513,0.01548
0.97446,0.02153
0.9758,0.0249
0.97715,0.02557
0.9758,0.0249
0.97647,0.02557
0.9758,0.02826
0.97647,0.03499
0.97715,0.04442
0.9758,0.05249
0.97109,0.06124
0.96907,0.06864
0.97244,0.07066
0.97782,0.06797
0.98253,0.06393
0.98657,0.05922
0.98859,0.05518
0.99061,0.0498
0.99195,0.0424
0.98926,0.0323
0.98388,0.0249
0.9758,0.02153
0.96571,0.01682
0.95696,0.01279
0.94754,0.01413
0.93946,0.0175
0.93206,0.01952
0.93475,0.02355
0.94013,0.03096
0.94484,0.03836
0.93542,0.05316
0.91658,0.06864
0.89572,0.0821
0.88293,0.09422
0.86678,0.1144
0.82102,0.14469
0.78939,0.19516
0.78333,0.25236
0.76314,0.28534
0.76987,0.26582
0.81362,0.19381
0.87015,0.107
0.93408,0.02625
0.99599,-0.04172
1.0411,-0.09489
1.0518,-0.11239
1.0458,-0.08681
1.0202,-0.03028
0.98657,0.02557
0.95292,0.07201
0.93139,0.107
0.91994,0.1171
0.92129,0.10431
0.93206,0.06797
0.94821,0.02221
0.96773,-0.02557
0.97984,-0.05653
0.99061,-0.07066
0.99397,-0.06864
0.99061,-0.04711
0.98118,-0.00808
0.96503,0.03298
0.94888,0.0646
0.93879,0.0821
0.93811,0.08547
0.94283,0.07403
0.94888,0.05384
0.961,0.03432
0.9684,0.0175
0.96773,0.01211
0.9583,0.01548
0.9435,0.02288
0.92466,0.03028
0.90447,0.03769
0.88899,0.04778
0.88293,0.05788
0.8863,0.06662
0.89168,0.0673
0.90245,0.06259
0.92264,0.05182
0.93744,0.02961
0.95292,-0.00067
0.96234,-0.02355
0.9684,-0.04105
0.96638,-0.04307
0.96032,-0.03701
0.94888,-0.02221
0.93677,0
0.92466,0.02894
0.91254,0.05788
0.90245,0.08883
0.90177,0.10364
0.91523,0.0895
0.92466,0.0572
0.92264,0.02759
0.90245,0.00538
0.86947,-0.01548
0.80689,-0.0249
0.72748,-0.00673
0.65749,0.05115
0.59019,0.11844
0.57606,0.17766
0.61375,0.21131
0.68643,0.22814
0.76516,0.22275
0.84525,0.21064
0.91389,0.18305
0.96032,0.14132
0.99061,0.09825
0.98926,0.05249
0.96571,0.02759
0.92869,0.02288
0.88024,0.03903
0.83381,0.06393
0.80689,0.09085
0.8015,0.12046
0.80958,0.14334
0.83448,0.15747
0.8762,0.14738
0.91389,0.12652
0.94417,0.107
0.97244,0.09489
0.98186,0.0821
0.96234,0.06326
0.9435,0.05115
0.91322,0.04778
0.87418,0.05182
0.83582,0.04845
0.81765,0.03903
0.81362,0.03365
0.8116,0.02423
0.82506,0.01279
0.85534,0.00135
0.89033,-0.00673
0.92264,-0.01144
0.94888,-0.0074
0.96638,-0.00269
0.97042,0.00067
0.96301,-0.00135
0.9435,-0.00538
0.91052,-0.01144
0.87418,-0.00875
0.84323,0.00202
0.82169,0.01009
0.79545,0.02153
0.78333,0.04172
0.78064,0.05047
0.77526,0.05047
0.76718,0.02961
0.74699,0.00135
0.74295,-0.02086
0.75103,-0.03028
0.75978,-0.02086
0.76112,0.00471
0.77122,0.02625
0.80016,0.05115
0.80218,0.09623
0.79746,0.13661
0.79074,0.13257
0.75978,0.10431
0.72277,0.08883
0.68575,0.06797
0.66354,0.04509
0.65412,0.02894
0.66153,0.03163
0.69046,0.05451
0.73353,0.07941
0.77593,0.11037
0.80016,0.15007
0.82438,0.18641
0.8365,0.214
0.82169,0.23285
0.78602,0.2389
0.73892,0.24429
0.70998,0.24832
0.69383,0.23015
0.69114,0.20997
0.71738,0.19449
0.76314,0.18641
0.82371,0.17834
0.8762,0.15613
0.91927,0.13123
0.96234,0.11508
0.98791,0.10969
0.98926,0.10767
0.98051,0.10498
0.96436,0.1144
0.94215,0.13527
0.91725,0.1568
0.90177,0.16757
0.9011,0.17363
0.91456,0.17901
0.93811,0.17497
0.961,0.16824
0.98455,0.15276
1.0155,0.12181
1.0404,0.08883
1.0498,0.05989
1.0492,0.03028
1.0343,0.00606
1.0162,-0.00135
0.9859,-0.00269
0.95898,0.00135
0.94148,0.00606
0.93542,0.01615
0.9435,0.02625
0.95561,0.02894
0.96773,0.02355
0.97849,0.01548
0.98724,0.00942
0.9933,0.00471
0.99128,0.00404
0.98455,0.00336
0.97311,0.01144
0.95898,0.02894
0.95225,0.04845
0.95157,0.06259
0.95292,0.06662
0.961,0.06528
0.97244,0.05989
0.98388,0.04778
0.98993,0.03028
0.99195,0.02221
0.98859,0.02557
0.97715,0.04105
0.96436,0.0572
0.96032,0.0673
0.96234,0.08076
0.97042,0.08277
0.97849,0.07739
0.98522,0.06393
0.98926,0.04576
0.98859,0.0249
0.97513,0.00606
0.94417,-0.00202
0.9085,0.01279
0.89101,0.03971
0.88226,0.05451
0.8937,0.06326
0.926,0.05855
0.96503,0.03096
0.98186,-0.02759
0.9859,-0.08816
0.96773,-0.13527
0.94619,-0.15815
0.91591,-0.13796
0.87351,-0.09018
0.84323,-0.03298
0.82775,0.02692
0.81967,0.07201
0.83919,0.09623
0.87553,0.08749
0.89841,0.05518
0.90918,0.02086
0.9112,-0.01144
0.88091,-0.01817
0.82438,-0.00942
0.7618,0
0.71805,0.00538
0.68777,0.0074
0.65682,0.01077
0.65143,0.01279
0.67499,0.03365
0.69181,0.04778
0.72007,0.04374
0.75776,0.04038
0.78401,0.05047
0.80352,0.0646
0.81564,0.07537
0.83313,0.09287
0.85399,0.10835
0.86409,0.11777
0.85803,0.13123
0.84861,0.14873
0.84659,0.14738
0.83852,0.12988
0.83515,0.09825
0.84592,0.06797
0.86476,0.04643
0.89303,0.03567
0.92667,0.01413
0.95427,-0.00336
0.96974,-0.00875
0.9832,0
0.98926,0.00471
0.98051,0.00135
0.96974,-0.00404
0.96234,-0.00875
0.9583,-0.01615
0.95157,-0.02221
0.94417,-0.03634
0.94283,-0.04307
0.95628,-0.04778
0.97513,-0.05451
0.98859,-0.06999
1.0054,-0.08008
1.0209,-0.06932
1.031,-0.04307
1.0303,-0.01346
1.0202,0.00942
1.0054,0.0249
0.98724,0.03298
0.96773,0.02826
0.94686,0.00673
0.93273,-0.02826
0.92937,-0.05653
0.92869,-0.07335
0.9334,-0.08412
0.94215,-0.08547
0.94888,-0.07941
0.9583,-0.06393
0.96503,-0.05518
0.97109,-0.04913
0.96907,-0.05451
0.96436,-0.05518
0.96234,-0.05047
0.95965,-0.05316
0.96974,-0.05182
0.98051,-0.04105
0.99397,-0.02423
0.99734,0
0.99868,0.02153
0.99464,0.03163
0.98455,0.04307
0.9684,0.04643
0.95696,0.04711
0.94956,0.04038
0.94821,0.03096
0.95023,0.02692
0.95427,0.02288
0.961,0.01615
0.9684,0.01211
0.97311,0.01144
0.97849,0.01481
0.98253,0.02355
0.98455,0.03163
0.9859,0.03634
0.97984,0.03769
0.96773,0.03567
0.95494,0.03028
0.94148,0.02355
0.92937,0.02086
0.92466,0.02423
0.92802,0.03096
0.93677,0.04172
0.95023,0.05316
0.96503,0.06259
0.9758,0.0673
0.98118,0.07066
0.98388,0.06864
0.9758,0.0646
0.96234,0.06326
0.94821,0.0673
0.93542,0.07268
0.92398,0.07133
0.91187,0.06595
0.89774,0.06191
0.87351,0.05922
0.83717,0.05653
0.80352,0.0646
0.76382,0.09018
0.71334,0.1319
0.67431,0.1743
0.66085,0.21468
0.6696,0.25371
0.67229,0.29409
0.70325,0.31629
0.74094,0.31293
0.75641,0.26649
0.77997,0.17766
0.82169,0.09287
0.82304,0.04105
0.79343,0.01481
0.76045,0.01952
0.70594,0.05316
0.65412,0.107
0.64605,0.16353
0.6696,0.20997
0.70729,0.23554
0.76584,0.24294
0.82842,0.22814
0.87284,0.20256
0.92533,0.16959
0.97244,0.14805
0.98388,0.13123
0.97715,0.1144
0.95696,0.10027
0.93475,0.08614
0.92264,0.07605
0.92869,0.07268
0.94484,0.08749
0.9583,0.12046
0.96436,0.15949
0.96705,0.18035
0.94888,0.19516
0.91456,0.21602
0.87486,0.23217
0.84794,0.22073
0.83246,0.19651
0.83381,0.17295
0.8513,0.14873
0.87149,0.13123
0.89572,0.11912
0.91793,0.12383
0.9435,0.13594
0.95965,0.14267
0.9684,0.14401
0.96974,0.14603
0.95898,0.13796
0.94417,0.12719
0.92735,0.11373
0.91658,0.09893
0.91322,0.08143
0.91927,0.06595
0.93071,0.06864
0.94283,0.08749
0.95628,0.10969
0.97042,0.12921
0.9758,0.142
0.97446,0.15344
0.96571,0.15613
0.94754,0.15276
0.926,0.13056
0.90783,0.0996
0.88562,0.07335
0.86409,0.05855
0.84525,0.06191
0.83246,0.07066
0.82573,0.08412
0.82842,0.10767
0.84255,0.12921
0.86476,0.15209
0.8836,0.16084
0.89505,0.16151
0.88697,0.16488
0.8688,0.16891
0.84457,0.16151
0.81429,0.14671
0.78939,0.13459
0.77324,0.12988
0.75911,0.12988
0.74632,0.13729
0.74497,0.15344
0.76516,0.16151
0.79948,0.15815
0.83313,0.15882
0.87216,0.16218
0.91187,0.15546
0.93879,0.13392
0.95292,0.12248
0.95359,0.12517
0.94552,0.13056
0.9361,0.13123
0.93139,0.12921
0.9334,0.12383
0.94417,0.11306
0.96571,0.10498
0.99195,0.09556
1.0068,0.08277
1.0088,0.06595
1.0068,0.05855
0.99734,0.06864
0.98051,0.08816
0.95561,0.11239
0.92869,0.13459
0.90783,0.14671
0.89033,0.15882
0.86947,0.16218
0.8513,0.1568
0.84525,0.15142
0.85601,0.14873
0.87015,0.1669
0.88159,0.20122
0.89235,0.23688
0.90245,0.2739
0.92331,0.29476
0.93206,0.27188
0.93542,0.24025
0.94215,0.19718
0.94081,0.1393
0.94283,0.09556
0.95561,0.07874
0.96301,0.07806
0.96234,0.08749
0.94956,0.1245
0.92869,0.17295
0.92331,0.20795
0.92129,0.22881
0.92129,0.24025
0.93811,0.24496
0.97715,0.24227
1.0317,0.23958
1.0727,0.22679
1.1057,0.17699
1.1171,0.12787
1.0956,0.08412
1.0519,0.0572
0.99736,0.03567
0.94285,0.02557
0.8917,0.03971
0.85065,0.06124
0.83517,0.08951
0.83651,0.11777
0.85469,0.13123
0.88968,0.11979
0.9341,0.07874
0.97919,0.03096
1.0135,-0.00875
1.0297,-0.03836
1.0283,-0.0572
1.0068,-0.05653
0.96842,-0.02894
0.92468,0.01279
0.89237,0.05451
0.87891,0.09085
0.88093,0.11306
0.90179,0.12787
0.93342,0.13662
0.96438,0.13729
0.98524,0.12719
0.99534,0.1097
1.0014,0.09826
1.0088,0.08278
1.0095,0.05855
1.0054,0.03298
0.99534,0.00875
0.98995,0.00067
0.98255,-0.00471
0.97986,-0.00673
0.98188,-0.00471
0.98524,-0.00202
0.98188,-0.00135
0.98188,-0.00538
0.98255,-0.00875
0.97986,-0.01077
0.96976,-0.00875
0.96102,-0.00606
0.95563,-0.00135
0.95294,0.00404
0.95159,0.0074
0.95294,0.01009
0.95563,0.01413
0.959,0.02019
0.96169,0.02557
0.96438,0.02961
0.96505,0.03163
0.96707,0.03432
0.96707,0.02961
0.96438,0.02154
0.95765,0.01346
0.95227,0.00808
0.94352,0.00404
0.93477,0.00404
0.92939,0.01077
0.92669,0.02086
0.92737,0.03365
0.92468,0.04711
0.92804,0.05855
0.9341,0.0673
0.93612,0.07201
0.93813,0.07134
0.94352,0.07201
0.95092,0.0747
0.95967,0.08008
0.96573,0.09624
0.96505,0.09085
0.94217,0.07268
0.87824,0.05451
0.80354,0.05518
0.73288,0.0673
0.66154,0.0848
0.61712,0.11508
0.59895,0.13729
0.59761,0.14738
0.6178,0.10768
0.65548,0.03298
0.68913,-0.03365
0.71942,-0.07537
0.72749,-0.08345
0.70596,-0.04845
0.67096,0.0323
0.6326,0.12787
0.58415,0.21468
0.52964,0.27525
0.48253,0.30419
0.46166,0.30755
0.46974,0.32034
0.50541,0.33245
0.57742,0.33649
0.64673,0.3338
0.70057,0.31428
0.73288,0.28265
0.74297,0.26448
0.74364,0.25842
0.6925,0.249
0.60568,0.29813
0.49464,0.37754
0.391,0.4233
0.33043,0.45965
0.34524,0.46436
0.41052,0.41321
0.52964,0.33313
0.64539,0.21805
0.75172,0.11171
0.82777,0.02355
0.89035,-0.01211
0.93612,-0.02961
0.94083,-0.01279
0.92064,0.02423
0.90247,0.06528
0.87891,0.10229
0.86882,0.12316
0.86411,0.11037
0.87218,0.0922
0.88295,0.0747
0.90045,0.05518
0.92131,0.01682
0.93073,-0.02355
0.9341,-0.04778
0.92333,-0.03971
0.90852,-0.01682
0.89439,0.01817
0.89237,0.0498
0.89372,0.07201
0.90179,0.08345
0.91593,0.07605
0.94015,0.06461
0.96236,0.04442
0.98121,0.01884
0.99668,-0.00538
1.0075,-0.01077
1.0068,-0.00135
0.99399,0.02288
0.97649,0.04307
0.95563,0.0599
0.93746,0.08008
0.91862,0.09354
0.90045,0.0996
0.88228,0.09758
0.86478,0.09354
0.85334,0.09489
0.85401,0.09893
0.86814,0.0996
0.89103,0.0996
0.90852,0.09422
0.91593,0.08412
0.91795,0.06999
0.90852,0.0572
0.88362,0.04374
0.85267,0.03298
0.83113,0.03769
0.82642,0.04778
0.83248,0.06057
0.85805,0.06595
0.88901,0.05922
0.92468,0.05586
0.95563,0.04913
0.98188,0.03634
0.99668,0.0175
1.0014,0.00135
0.99803,-0.01279
0.9839,-0.01817
0.96236,-0.02086
0.94217,-0.01817
0.92602,-0.00942
0.91929,0.00808
0.92266,0.02625
0.93612,0.03769
0.95496,0.04374
0.97649,0.04711
0.99534,0.04172
1.0061,0.02827
1.0068,0.01413
1.0027,0.00269
0.9913,-0.00202
0.97851,0.00067
0.96573,0.00404
0.95765,0.01413
0.95294,0.02625
0.95496,0.03634
0.96371,0.04172
0.97582,0.04105
0.98995,0.03499
1.0027,0.02827
1.0075,0.01682
1.0095,0.00606
1.0088,0
1.0021,-0.00269
0.9913,0.00538
0.98053,0.01346
0.97178,0.02423
0.96909,0.03499
0.96909,0.04172
0.97448,0.04307
0.98053,0.03903
0.98794,0.03096
0.99265,0.02154
0.99332,0.01009
0.98794,0
0.97851,-0.00336
0.96707,-0.00336
0.95765,0.00538
0.94958,0.02221
0.94756,0.03634
0.95025,0.04778
0.959,0.05115
0.96842,0.04644
0.97649,0.03634
0.97582,0.03028
0.97178,0.02759
0.96169,0.02557
0.94486,0.02961
0.92804,0.0424
0.91391,0.05653
0.89506,0.06999
0.88228,0.08143
0.88295,0.09826
0.8917,0.10768
0.8991,0.10498
0.91525,0.08883
0.94285,0.07605
0.96438,0.05115
0.97986,0.02154
0.98995,-0.00875
0.99399,-0.02557
0.98255,-0.02759
0.97246,-0.01548
0.96169,0.00538
0.95361,0.02557
0.95227,0.04307
0.95698,0.05384
0.96707,0.05384
0.97851,0.0424
0.98861,0.02154
0.99736,-0.00202
0.99938,-0.01884
0.99601,-0.03028
0.98794,-0.03499
0.97582,-0.02625
0.95967,-0.00135
0.94486,0.02288
0.93342,0.03365
0.92804,0.0323
0.92333,0.01884
0.92535,-0.00808
0.92131,-0.05182
0.91122,-0.08749
0.87891,-0.11171
0.83113,-0.10902
0.78402,-0.10162
0.75845,-0.08816
0.72547,-0.0175
0.71067,0.07807
0.72884,0.16353
0.7672,0.20997
0.8069,0.1992
0.85065,0.19382
0.91525,0.15815
0.95159,0.11037
0.93275,0.04845
0.83382,0.09153
0.69048,0.19584
0.55925,0.29746
0.47176,0.35735
0.45897,0.35466
0.53569,0.30082
0.66289,0.21468
0.82911,0.07335
1.0169,-0.08278
1.171,-0.19853
1.2491,-0.23218
1.2208,-0.20728
1.1434,-0.14806
1.033,-0.05047
0.91727,0.05317
0.8096,0.1245
0.74634,0.15344
0.74634,0.13594
0.80085,0.06191
0.88699,-0.03499
0.99938,-0.11912
1.1023,-0.1743
1.1454,-0.19045
1.1548,-0.17228
1.1313,-0.12046
1.0673,-0.04576
0.98188,0.0249
0.90112,0.08008
0.84594,0.11373
0.8244,0.11575
0.83719,0.08749
0.88362,0.03971
0.94285,-0.01279
1.0095,-0.05922
1.07,-0.09287
1.1071,-0.10431
1.1118,-0.09287
1.0855,-0.06663
1.0344,-0.03298
0.96909,-0.00538
0.90516,0.00875
0.8594,0.0074
0.83651,-0.00269
0.84324,-0.02355
0.87218,-0.05115
0.91256,-0.07201
0.95698,-0.0848
0.99332,-0.08143
1.0155,-0.0673
1.0135,-0.04374
1.0007,-0.02019
0.97986,0.00269
0.95092,0.02154
0.92669,0.0249
0.91391,0.01682
0.91391,-0.00269
0.92871,-0.02557
0.95967,-0.04778
0.99063,-0.06191
1.0175,-0.0673
1.0377,-0.0572
1.0465,-0.04105
1.0424,-0.01952
1.0303,0
1.0155,0.01682
0.99668,0.02423
0.97851,0.02355
0.97111,0.01346
0.96775,-0.00067
0.97178,-0.0175
0.98255,-0.02692
0.99736,-0.03298
1.0122,-0.02961
1.0209,-0.02086
1.0243,-0.00808
1.0202,0.01077
1.0088,0.02355
0.99601,0.03365
0.98053,0.03701
0.97044,0.03163
0.96303,0.01884
0.96236,0.00269
0.9664,-0.01279
0.97582,-0.0249
0.98524,-0.02961
0.99332,-0.03028
0.99601,-0.02423
0.99534,-0.01346
0.99265,-0.00404
0.98659,0.00404
0.97986,0.00673
0.97515,0.00942
0.97246,0.01413
0.97111,0.01481
0.97246,0.01077
0.97246,0.00606
0.97582,-0.00067
0.97649,-0.00606
0.97649,-0.00875
0.97515,-0.01077
0.97246,-0.00942
0.97313,-0.00202
0.97851,0.0074
0.98322,0.01481
0.98726,0.01884
0.98995,0.01682
0.99534,0.01682
0.99601,0.01548
0.99399,0.01211
0.98861,0.01009
0.98524,0.01279
0.98322,0.01817
0.97986,0.0249
0.97784,0.03365
0.97246,0.03836
0.96102,0.04778
0.95025,0.05518
0.93477,0.05653
0.92333,0.05922
0.9166,0.0498
0.91996,0.03096
0.92871,0.01481
0.94217,-0.00538
0.96303,-0.02086
0.98995,-0.02961
1.0101,-0.02019
1.0223,-0.00471
1.0249,0.01077
1.0182,0.02625
1.0041,0.04105
0.98524,0.0498
0.96438,0.04845
0.94486,0.04105
0.93544,0.02961
0.93813,0.01682
0.94756,0.00673
0.96438,0.00202
0.9839,0.00606
0.9987,0.01548
1.0108,0.03096
1.0196,0.04644
1.0182,0.06057
1.0081,0.06932
1,0.07268
0.98861,0.07066
0.97851,0.06528
0.97044,0.05653
0.96573,0.05182
0.96438,0.04845
0.96707,0.04778
0.9738,0.05249
0.97515,0.06259
0.97851,0.07605
0.97851,0.08883
0.97851,0.0996
0.9738,0.10633
0.97044,0.1097
0.96505,0.10566
0.95832,0.09624
0.95025,0.08547
0.93948,0.08278
0.93544,0.08883
0.93006,0.09354
0.92669,0.09624
0.92871,0.10364
0.93544,0.11575
0.93813,0.1319
0.93208,0.14536
0.92468,0.15613
0.91323,0.16959
0.88699,0.17363
0.86276,0.16421
0.84661,0.15344
0.8419,0.14065
0.84324,0.1319
0.8567,0.12383
0.88699,0.11844
0.92669,0.11171
0.96438,0.11171
1.0014,0.11037
1.0283,0.11104
1.0377,0.11575
1.0236,0.11844
0.98861,0.1171
0.95025,0.10902
0.91122,0.10095
0.88699,0.09085
0.88362,0.07807
0.89708,0.06999
0.92333,0.06999
0.96371,0.08143
0.99736,0.09556
1.0223,0.10027
1.0384,0.0996
1.0424,0.08951
1.0364,0.07672
1.0276,0.06124
1.0095,0.04509
0.98726,0.03432
0.96505,0.02961
0.95294,0.03298
0.9489,0.03971
0.95496,0.05115
0.96909,0.06461
0.98592,0.07335
1.0027,0.07739
1.0135,0.07739
1.0162,0.07335
1.0075,0.06864
0.99534,0.05922
0.98188,0.04576
0.97044,0.03499
0.96236,0.02625
0.959,0.02221
0.96169,0.02288
0.96909,0.02557
0.97784,0.03028
0.98794,0.03499
0.99467,0.03971
1.0007,0.04576
0.99938,0.04374
0.99467,0.03971
0.98322,0.03365
0.96573,0.03163
0.95294,0.02961
0.94352,0.02759
0.94083,0.02759
0.94823,0.02827
0.96169,0.03163
0.97717,0.03567
0.98928,0.03769
0.99467,0.03903
0.99467,0.03903
0.98928,0.03701
0.9839,0.02894
0.97246,0.01817
0.96438,0.00336
0.959,-0.00875
0.95496,-0.01817
0.95361,-0.01884
0.96169,-0.01817
0.96976,-0.01615
0.97313,-0.01548
0.97649,-0.01077
0.97649,-0.00942
0.97111,-0.01077
0.96371,-0.01682
0.95496,-0.02154
0.94688,-0.02894
0.94486,-0.03365
0.94621,-0.03903
0.95092,-0.0424
0.95967,-0.04845
0.96842,-0.04778
0.97784,-0.0424
0.98255,-0.03567
0.98592,-0.02759
0.98457,-0.02288
0.97044,-0.0175
0.95429,-0.0249
0.9415,-0.03365
0.93073,-0.04038
0.92468,-0.04845
0.92737,-0.0498
0.94285,-0.04105
0.96169,-0.02288
0.98255,0.00135
1.0054,0.02557
1.0256,0.04576
1.0317,0.05518
1.0256,0.04576
1.0189,0.02759
1.0054,0.00202
0.98592,-0.03163
0.95698,-0.05922
0.93208,-0.0747
0.90449,-0.06595
0.86949,-0.02759
0.83315,0.02355
0.79546,0.07537
0.77056,0.10229
0.75643,0.0848
0.73086,0.05586
0.70057,-0.0074
0.67836,-0.08008
0.66423,-0.12719
0.66019,-0.12787
0.67096,-0.09826
0.70259,-0.03499
0.77527,0.04576
0.83921,0.09556
0.8843,0.10902
0.92064,0.08547
0.9664,0.06797
0.97246,0.03836
0.96169,0.00875
0.9489,-0.01211
0.92468,-0.02086
0.90718,-0.01884
0.90381,-0.01346
0.90987,-0.00336
0.91256,0.02355
0.90583,0.05855
0.90516,0.0996
0.89641,0.12652
0.87891,0.14065
0.85469,0.14469
0.8244,0.13325
0.80287,0.1097
0.78604,0.07537
0.77325,0.05115
0.77797,0.03096
0.79008,0.01817
0.81498,0.01279
0.84055,-0.00404
0.87286,-0.02019
0.90179,-0.03028
0.92468,-0.03769
0.9415,-0.03903
0.95227,-0.02961
0.95092,-0.00808
0.94285,0.01952
0.92737,0.03903
0.91795,0.04711
0.90987,0.04711
0.8991,0.04307
0.90112,0.02557
0.91054,0
0.92266,-0.02019
0.93881,-0.0323
0.9489,-0.03365
0.96371,-0.02759
0.97313,-0.01615
0.97851,0.00336
0.97919,0.02221
0.97582,0.03298
0.97111,0.03567
0.96707,0.03096
0.96505,0.01817
0.96505,0.00202
0.96842,-0.01144
0.97784,-0.02154
0.98524,-0.02894
0.98794,-0.0249
0.98726,-0.0175
0.98121,-0.00202
0.97246,0.01413
0.96438,0.0249
0.95631,0.02961
0.95092,0.02557
0.94823,0.01884
0.94958,0.00673
0.95294,-0.0074
0.95698,-0.01884
0.96371,-0.02692
0.96775,-0.02692
0.97246,-0.02086
0.9738,-0.01009
0.97515,0.00202
0.97448,0.01346
0.96976,0.02154
0.96775,0.02288
0.9664,0.02086
0.96775,0.01413
0.97111,0.00538
0.97246,-0.00471
0.97649,-0.00942
0.97986,-0.01211
0.98188,-0.00942
0.98053,-0.00404
0.98053,0.00471
0.97919,0.01548
0.97717,0.02288
0.97582,0.02827
0.9738,0.03163
0.97649,0.02961
0.97649,0.0249
0.97448,0.01884
0.9738,0.01615
0.97313,0.01211
0.97717,0.01144
0.98592,0.01211
0.99197,0.01144
0.99668,0.01077
1.0014,0.00942
1.0054,0.00808
1.0088,0.00538
1.0054,0.00471
1.0027,0.00202
1.0027,0.00269
1,0.00269
0.99736,0.00336
0.99534,0.00336
0.99668,0.00606
0.99668,0.00942
0.99601,0.01346
0.99668,0.01413
0.99736,0.01413
0.99938,0.01279
1,0.00875
1,0.00538
0.99803,0.00135
0.99534,0.00269
0.99063,0.00538
0.98726,0.01009
0.9839,0.0175
0.98457,0.02221
0.98726,0.02625
0.99332,0.02759
0.99601,0.02759
1.0021,0.02423
1.0014,0.01817
0.99601,0.00875
0.98524,0.00135
0.96842,-0.0074
0.95294,-0.01077
0.94285,-0.01279
0.93881,-0.01077
0.9415,-0.00673
0.94621,0.00067
0.95092,0.0175
0.95294,0.03163
0.95631,0.03903
0.97178,0.03432
0.99063,0.02692
1.0101,0.01481
1.0243,-0.00269
1.0303,-0.01682
1.0283,-0.02086
1.0162,-0.02019
0.9987,-0.01346
0.97717,-0.00135
0.96505,0.00875
0.95765,0.01615
0.96034,0.01615
0.97111,0.01346
0.98726,0.00404
1.0034,-0.00808
1.0115,-0.0175
1.0162,-0.02288
1.0128,-0.02625
1.0054,-0.0249
0.99667,-0.01884
0.98456,-0.01009
0.97514,0.00202
0.9711,0.01211
0.97514,0.02086
0.98523,0.02086
0.99802,0.01144
1.0115,0
1.0202,-0.01009
1.0209,-0.01884
1.0155,-0.02557
1,-0.02355
0.98052,-0.0175
0.95831,-0.00471
0.94283,0.00673
0.93476,0.02154
0.92937,0.03499
0.93072,0.04913
0.9388,0.06124
0.94552,0.06864
0.9536,0.0673
0.95225,0.06057
0.94889,0.05249
0.94014,0.04105
0.92534,0.0323
0.91591,0.02894
0.90986,0.02692
0.90178,0.01952
0.89505,0.01077
0.89572,0.00471
0.90111,-0.00135
0.91188,-0.01413
0.91659,-0.0249
0.91659,-0.02692
0.90515,-0.01884
0.889,-0.00673
0.86881,0.01481
0.84323,0.04442
0.81766,0.06595
0.80016,0.08681
0.78536,0.09287
0.78334,0.07739
0.79074,0.04778
0.81228,0.02019
0.84121,0
0.86275,-0.00875
0.87621,-0.00673
0.87352,0.01481
0.86342,0.04307
0.85871,0.06662
0.85535,0.08951
0.85737,0.10229
0.86342,0.10768
0.87352,0.10027
0.87755,0.07941
0.87957,0.06797
0.87823,0.06124
0.87823,0.05451
0.86881,0.05316
0.85737,0.05384
0.85602,0.05047
0.85804,0.03903
0.86275,0.01952
0.87352,-0.00135
0.88698,-0.01615
0.89774,-0.02625
0.9038,-0.02154
0.9112,-0.00606
0.91928,0.01615
0.92937,0.03769
0.92466,0.06124
0.92668,0.07403
0.93139,0.0673
0.93408,0.04374
0.94351,0.01346
0.95225,-0.01077
0.94889,-0.02557
0.94485,-0.03298
0.94216,-0.03096
0.93476,-0.0323
0.92197,-0.02961
0.91053,-0.01346
0.90245,0.00471
0.889,0.00942
0.89101,0.00875
0.89438,0.01077
0.889,0.01077
0.86948,0.00875
0.8365,0.02221
0.78267,0.05653
0.73017,0.09422
0.67566,0.12719
0.63596,0.14065
0.6225,0.14402
0.63865,0.14267
0.67432,0.13527
0.7221,0.11777
0.77123,0.10566
0.8116,0.10229
0.84121,0.10431
0.84862,0.11912
0.85131,0.13459
0.84391,0.15748
0.82506,0.1743
0.81228,0.17766
0.80487,0.16151
0.80016,0.13459
0.7894,0.10969
0.77997,0.10027
0.77526,0.10364
0.77459,0.11239
0.78132,0.1245
0.78872,0.12854
0.80084,0.13325
0.81497,0.14267
0.8291,0.14402
0.8466,0.12315
0.86544,0.08412
0.86881,0.03567
0.86275,-0.01144
0.85737,-0.04307
0.8466,-0.05249
0.83448,-0.04038
0.82843,-0.00808
0.83247,0.03701
0.85131,0.07605
0.87688,0.09354
0.89774,0.0922
0.91928,0.07537
0.9361,0.04778
0.94552,0.01211
0.94822,-0.02154
0.94351,-0.04644
0.93274,-0.05788
0.92332,-0.05182
0.91053,-0.03028
0.90044,0.00202
0.89236,0.03432
0.89842,0.0572
0.91524,0.06595
0.93678,0.06057
0.95898,0.04105
0.97783,0.01615
0.98927,-0.00875
0.99331,-0.02894
0.98792,-0.03769
0.98052,-0.03365
0.96975,-0.01548
0.95764,0.00808
0.94687,0.0249
0.93476,0.03096
0.93005,0.02625
0.92803,0.01211
0.93139,-0.00875
0.9388,-0.03432
0.94687,-0.05586
0.94687,-0.06326
0.93745,-0.0572
0.92534,-0.03634
0.90784,0.00471
0.89707,0.04442
0.90313,0.0673
0.91255,0.07335
0.92735,0.06528
0.93947,0.0498
0.94889,0.03028
0.94822,0.01211
0.94149,-0.00135
0.92466,-0.00673
0.90851,0.00135
0.89572,0.01615
0.88967,0.02692
0.89505,0.03298
0.91053,0.03365
0.93207,0.03096
0.95898,0.01615
0.9859,-0.00808
1.0034,-0.03567
1.0081,-0.05586
1.0034,-0.05922
0.99465,-0.04711
0.97715,-0.02826
0.95966,-0.00538
0.94956,0.01682
0.94418,0.03365
0.9462,0.03567
0.95697,0.02625
0.97312,0.0074
0.98792,-0.00942
0.996,-0.02557
1.0007,-0.03432
1,-0.03836
0.99331,-0.03298
0.98456,-0.02154
0.97244,-0.0074
0.96235,0.00875
0.95966,0.02154
0.95966,0.0249
0.96639,0.02288
0.97648,0.01279
0.98725,-0.00067
1,-0.0175
1.0061,-0.02961
1.0095,-0.03499
1.0081,-0.03701
1.0014,-0.02826
0.99263,-0.0175
0.98456,-0.00538
0.9785,0.00269
0.97715,0.00538
0.97917,0.00202
0.98792,-0.00808
0.99869,-0.02221
1.0115,-0.04172
1.0229,-0.05788
1.027,-0.06797
1.0256,-0.06932
1.0169,-0.05922
1.0054,-0.05047
0.99465,-0.03432
0.98388,-0.0175
0.97783,0.00067
0.97446,0.00606
0.9785,0.0074
0.98658,-0.00404
0.99532,-0.01144
1.0014,-0.01817
1.0081,-0.02221
1.0101,-0.02557
1.0095,-0.02086
1.0068,-0.01009
1,0.00471
0.99465,0.01817
0.99398,0.02961
0.99532,0.03432
0.99869,0.03432
1.0061,0.03028
1.0121,0.0175
1.0196,0.00202
1.0229,-0.00875
1.0256,-0.01413
1.0222,-0.01346
1.0162,-0.00942
1.0108,-0.00202
1.0081,0.00808
1.0061,0.01548
1.0061,0.02221
1.0088,0.02221
1.0121,0.01884
1.0169,0.01279
1.0229,0.00606
1.0236,-0.00269
1.0243,-0.01077
1.0216,-0.01481
1.0182,-0.01481
1.0121,-0.01077
1.0074,-0.00538
1.0041,0.00135
1.0027,0.0074
1.0027,0.01144
1.0054,0.01077
1.0081,0.0074
1.0108,0.00202
1.0135,-0.00471
1.0155,-0.00808
1.0135,-0.01144
1.0101,-0.00942
1.0068,-0.00673
1.0034,-0.00135
1.0021,0.00336
0.99869,0.00875
1,0.01481
1.0007,0.01682
1.0027,0.01481
1.0061,0.01279
1.0074,0.01009
1.0054,0.00673
1.0054,0.00606
1.0014,0.00538
0.996,0.01009
0.99061,0.01615
0.9859,0.02288
0.98187,0.02826
0.97985,0.03701
0.9785,0.04038
0.97985,0.04442
0.98119,0.04509
0.98456,0.04442
0.98523,0.0424
0.98523,0.04374
0.98523,0.04509
0.98119,0.04913
0.97514,0.05922
0.96841,0.08345
0.9637,0.11171
0.95966,0.13594
0.95427,0.142
0.95831,0.13123
0.96908,0.11777
0.98725,0.09825
1.0054,0.06191
1.0323,0.01413
1.0424,-0.01884
1.0418,-0.02894
1.0256,-0.02221
1.0027,-0.00808
0.97648,0.01481
0.95697,0.04038
0.93745,0.06393
0.92937,0.08547
0.93072,0.10498
0.95091,0.11508
0.97783,0.11171
0.99936,0.10229
1.0148,0.08076
1.0243,0.05316
1.0296,0.02423
1.0323,-0.00404
1.0175,-0.01279
0.99734,-0.00808
0.98119,0.00471
0.97446,0.02086
0.96908,0.03634
0.97177,0.04778
0.98052,0.0572
1.0007,0.06461
1.0155,0.05788
1.0222,0.04374
1.0128,0.02961
0.99263,0.01615
0.96504,0.00471
0.93476,0.00404
0.90986,0.00606
0.89842,0.02154
0.89707,0.03701
0.9038,0.05249
0.92332,0.06999
0.94418,0.08681
0.95091,0.0922
0.94687,0.09489
0.93812,0.10902
0.92466,0.13998
0.91053,0.1669
0.88294,0.18439
0.82574,0.21333
0.73892,0.26717
0.65009,0.28534
0.57337,0.27188
0.53703,0.21939
0.53569,0.18978
0.60298,0.21939
0.6972,0.2914
0.8291,0.35264
0.9462,0.37283
1.0445,0.33581
1.134,0.27053
1.1824,0.19853
1.1858,0.14805
1.1528,0.10027
1.1064,0.07672
1.0586,0.08816
1.0216,0.10768
0.98187,0.12719
0.94149,0.15344
0.93139,0.16757
0.9388,0.12921
0.94014,0.08008
0.96706,0.03769
0.99263,0.00269
1.0169,-0.01413
1.0323,-0.00202
1.0377,0.02288
1.0303,0.05653
1.0236,0.0747
1.031,0.06662
1.0411,0.06057
1.0424,0.05384
1.0317,0.05586
1.0189,0.0498
1.0135,0.04576
1,0.04778
0.98388,0.04374
0.9711,0.03432
0.96571,0.02355
0.96706,0.01346
0.97042,0.00404
0.96639,-0.00808
0.96235,-0.01481
0.95966,-0.0074
0.96168,-0.00135
0.96504,0.01144
0.96571,0.02019
0.96908,0.02355
0.97244,0.02221
0.97581,0.01211
0.97648,0.00202
0.97177,-0.00942
0.9637,-0.02019
0.95225,-0.03028
0.9462,-0.03836
0.93947,-0.03903
0.93274,-0.03298
0.92601,-0.0175
0.92399,0.00202
0.92534,0.02019
0.93408,0.03163
0.94552,0.03499
0.95427,0.03298
0.96235,0.0249
0.9637,0.01413
0.95764,0.00067
0.9536,-0.01413
0.95091,-0.02557
0.94418,-0.03298
0.94351,-0.03096
0.94956,-0.02557
0.96302,-0.01279
0.97917,0.00538
0.99331,0.02423
1.0007,0.03365
1.0061,0.03028
1.0041,0.02086
0.99331,0.00135
0.97985,-0.02086
0.95629,-0.04576
0.93745,-0.06191
0.92197,-0.07403
0.91659,-0.0747
0.9112,-0.06461
0.92062,-0.04172
0.94149,-0.01279
0.961,0.02154
0.9859,0.03836
1.0068,0.03432
1.0148,0.02221
1.0155,0.00269
1.0108,-0.01817
0.99263,-0.03499
0.97042,-0.04509
0.95697,-0.05115
0.94687,-0.05047
0.94351,-0.04105
0.95293,-0.0323
0.96235,-0.02355
0.96908,-0.01817
0.97379,-0.01615
0.96975,-0.01817
0.95898,-0.02692
0.94687,-0.03298
0.93678,-0.04576
0.93139,-0.0572
0.93207,-0.06461
0.93543,-0.0673
0.93745,-0.06595
0.94149,-0.05855
0.94687,-0.04711
0.94754,-0.03298
0.94687,-0.02086
0.94687,-0.00673
0.94822,0.00202
0.95024,0.00875
0.95966,0.00673
0.97244,-0.00135
0.98792,-0.01211
1.0034,-0.0249
1.0142,-0.03701
1.0162,-0.04711
1.0081,-0.05182
0.99061,-0.05518
0.96571,-0.05855
0.94081,-0.06191
0.91928,-0.06259
0.89909,-0.05989
0.88563,-0.05451
0.889,-0.04845
0.90044,-0.04442
0.91524,-0.04038
0.94014,-0.03769
0.96639,-0.03836
0.98725,-0.03971
0.99398,-0.03365
0.99398,-0.01346
0.98052,0.0074
0.95629,0.02692
0.92466,0.04576
0.89909,0.06057
0.88092,0.06662
0.87217,0.06595
0.88227,0.05518
0.89774,0.04845
0.91726,0.04845
0.92937,0.05182
0.92062,0.06057
0.90515,0.06864
0.88496,0.08076
0.86948,0.07201
0.854,0.04711
0.82641,0.03163
0.79411,0.01548
0.76315,0.00673
0.73017,0.00606
0.70056,0.0249
0.68037,0.05855
0.67903,0.10566
0.67163,0.15411
0.65144,0.18574
0.63865,0.18574
0.63798,0.15276
0.65413,0.09489
0.69922,0.00875
0.76113,-0.08143
0.80891,-0.13998
0.80824,-0.13325
0.80285,-0.07403
0.81564,-0.02759
0.80353,0.03365
0.78334,0.09489
0.7793,0.13661
0.80285,0.14603
0.81631,0.11642
0.8365,0.05518
0.85535,-0.01346
0.84727,-0.06595
0.79882,-0.08951
0.74498,-0.08278
0.71739,-0.05115
0.70258,-0.01279
0.7147,0.01413
0.76315,0.04442
0.83045,0.08143
0.89438,0.10296
0.93408,0.08614
0.94351,0.0673
0.92197,0.05855
0.88765,0.07133
0.85265,0.06864
0.81631,0.04576
0.78468,0.02557
0.76786,0.02288
0.77257,0.02423
0.78132,0.0323
0.7793,0.04307
0.77055,0.07335
0.76853,0.11373
0.76921,0.13998
0.7793,0.13998
0.80622,0.13056
0.82035,0.10902
0.81631,0.08749
0.78401,0.08278
0.75911,0.07874
0.73892,0.07806
0.71402,0.07739
0.69922,0.09018
0.70662,0.11373
0.73825,0.12585
0.7867,0.12383
0.84794,0.10095
0.90986,0.06595
0.96033,0.03028
0.99465,-0.01346
1.0021,-0.04778
0.98792,-0.06259
0.96302,-0.05653
0.92735,-0.03432
0.90111,-0.00269
0.88092,0.0249
0.87755,0.04172
0.88967,0.05047
0.91659,0.04509
0.94889,0.02557
0.98388,0.00135
1.0081,-0.01279
1.0155,-0.01817
1.0088,-0.02086
0.98994,-0.01817
0.96504,-0.00269
0.93072,0.01952
0.8964,0.04644
0.86813,0.06999
0.85198,0.08412
0.85064,0.08479
0.85938,0.07335
0.88159,0.05855
0.90986,0.04576
0.94081,0.03499
0.96571,0.02961
0.98388,0.02625
0.99263,0.01952
0.98388,0.01481
0.95966,0.02019
0.93072,0.02557
0.90447,0.02692
0.8863,0.02826
0.87352,0.02961
0.87284,0.02826
0.88025,0.02625
0.889,0.03028
0.89909,0.04374
0.90313,0.06124
0.89976,0.09152
0.89101,0.12383
0.87621,0.1568
0.86208,0.17565
0.84391,0.16084
0.84458,0.12046
0.85669,0.05518
0.87823,-0.02423
0.9038,-0.08951
0.91928,-0.11979
0.92803,-0.11508
0.92399,-0.07537
0.91524,-0.0175
0.90447,0.04105
0.89505,0.08749
0.889,0.11441
0.89774,0.10835
0.90717,0.07201
0.91793,0.03096
0.93207,-0.01817
0.94014,-0.05047
0.93745,-0.05518
0.9287,-0.03096
0.92197,0.00538
0.91188,0.03634
0.91053,0.05989
0.92197,0.07201
0.94149,0.0673
0.96571,0.04845
0.99129,0.02288
1.0095,-0.0074
1.0209,-0.03163
1.0222,-0.04711
1.0148,-0.04913
1.0021,-0.04374
0.98523,-0.02692
0.96908,-0.00404
0.95764,0.0175
0.95225,0.02692
0.95427,0.02423
0.96235,0.00808
0.97177,-0.01211
0.97514,-0.03567
0.97783,-0.05586
0.97648,-0.06932
0.96706,-0.07335
0.95629,-0.0673
0.94216,-0.05115
0.93072,-0.03028
0.92332,-0.01077
0.92332,0.00404
0.92937,0.01211
0.94216,0.01279
0.95697,0.00471
0.96975,-0.00673
0.98119,-0.02288
0.9859,-0.03701
0.9859,-0.04509
0.98119,-0.04778
0.97648,-0.0424
0.96841,-0.03028
0.9637,-0.01548
0.96168,-0.00269
0.96302,0.00606
0.96773,0.00538
0.97446,0
0.97783,-0.01279
0.98321,-0.03096
0.98321,-0.04711
0.98388,-0.05922
0.97648,-0.0673
0.95898,-0.06932
0.93139,-0.0673
0.889,-0.05115
0.84391,-0.01817
0.80689,0.02288
0.79882,0.04576
0.82237,0.03432
0.86679,0.00269
0.9139,-0.03903
0.97244,-0.08345
1.031,-0.11777
1.07,-0.12652
1.0835,-0.11441
1.0727,-0.08479
1.0471,-0.04711
1.0115,-0.00471
0.97446,0.02355
0.94351,0.03769
0.92264,0.04307
0.92332,0.03163
0.9388,0.00471
0.96841,-0.02826
1.0081,-0.05249
1.0431,-0.06191
1.0646,-0.05855
1.0714,-0.04711
1.0633,-0.02086
1.0418,0.00942
1.0067,0.03499
0.97713,0.04576
0.95223,0.04509
0.94281,0.0323
0.94685,0.01346
0.96367,-0.01144
0.98722,-0.03836
1.0121,-0.05518
1.037,-0.05787
1.0498,-0.04913
1.0505,-0.02894
1.0411,-0.00471
1.0209,0.01817
1.0007,0.03432
0.97713,0.0397
0.96165,0.03365
0.95492,0.0175
0.95694,-0.00336
0.97107,-0.02355
0.99059,-0.04038
1.0101,-0.04711
1.0276,-0.04374
1.035,-0.03028
1.0357,-0.01413
1.0263,0.00404
1.0088,0.01884
0.99059,0.02557
0.97578,0.02221
0.96434,0.01009
0.96232,-0.00538
0.96703,-0.02355
0.97847,-0.04038
0.99395,-0.05114
1.0088,-0.05855
1.0209,-0.0572
1.0263,-0.05249
1.0242,-0.04374
1.0175,-0.03701
1.0047,-0.03499
0.98588,-0.04509
0.96502,-0.05518
0.95559,-0.07335
0.95358,-0.10027
0.95694,-0.10565
0.95223,-0.08277
0.94079,-0.05316
0.91791,-0.02759
0.90378,-0.0074
0.89503,-0.01144
0.8883,-0.02423
0.88628,-0.04374
0.89166,-0.06393
0.90109,-0.07672
0.9132,-0.07133
0.92397,-0.04105
0.92195,0.00135
0.89907,0.07201
0.86744,0.17295
0.85398,0.24697
0.84523,0.26985
0.87484,0.25774
0.90983,0.21131
0.9381,0.12584
0.96636,0.03297
0.99395,-0.03096
0.99193,-0.05249
0.97713,-0.04576
0.98924,-0.01548
1.004,0.02692
1.0007,0.06326
0.9953,0.08479
1.0094,0.09691
1.0101,0.10027
0.99866,0.08479
1.002,0.04711
1.0054,0.0074
0.99732,-0.02625
0.98588,-0.04711
0.98655,-0.0572
0.98655,-0.05384
0.9879,-0.02961
0.99732,0.00336
1.0061,0.03028
1.0094,0.04845
1.0141,0.05182
1.0182,0.04711
1.0195,0.03096
1.0189,0.00538
1.0202,-0.01952
1.0189,-0.0424
1.0108,-0.05384
1.0027,-0.05182
0.99664,-0.03567
0.99261,-0.01279
0.99463,0.01009
0.99934,0.02625
1.004,0.03769
1.0067,0.03769
1.0114,0.02826
1.0148,0.01279
1.0101,-0.00673
1.0067,-0.02557
1.0027,-0.03903
0.99934,-0.04105
0.99463,-0.03499
0.99059,-0.02221
0.99193,-0.00336
0.99193,0.01413
0.99395,0.02894
0.99934,0.0323
1.0054,0.03163
1.0081,0.02288
1.0081,0.00942
1.0061,-0.00135
1.0034,-0.01413
0.99597,-0.02019
0.98857,-0.0175
0.98251,-0.01009
0.97915,0
0.97847,0.01077
0.97915,0.01884
0.98117,0.02423
0.97847,0.02355
0.96703,0.02355
0.94617,0.0148
0.9381,0.01279
0.94079,0.00067
0.94752,-0.01346
0.95492,-0.0249
0.96165,-0.02086
0.95761,-0.0148
0.94146,-0.00336
0.92868,0.00942
0.91858,0.02221
0.90512,0.03701
0.90041,0.04711
0.90445,0.04172
0.91926,0.03096
0.92868,0.02423
0.93675,0.0074
0.94954,-0.01211
0.96031,-0.0249
0.95896,-0.03769
0.94886,-0.04845
0.94281,-0.04643
0.93137,-0.03096
0.91858,-0.01615
0.91051,0.00202
0.90849,0.01682
0.90243,0.02288
0.89436,0.01346
0.89637,-0.00673
0.91522,-0.02221
0.93473,-0.05114
0.94685,-0.08748
0.94954,-0.12719
0.94214,-0.1467
0.93473,-0.14603
0.91858,-0.1218
0.88628,-0.09018
0.86273,-0.05787
0.85936,-0.03769
0.8782,-0.03096
0.89772,-0.04711
0.91926,-0.07066
0.93473,-0.10229
0.94281,-0.11979
0.95088,-0.14132
0.95559,-0.14805
0.95021,-0.13324
0.94146,-0.10431
0.94146,-0.06393
0.94752,-0.03836
0.95761,-0.01884
0.97242,-0.00875
0.98453,-0.00067
0.99261,0.00336
1.0034,-0.00067
1.0155,-0.00808
1.0222,-0.01144
1.0222,-0.01346
1.0168,-0.01144
1.0088,-0.00538
1.0014,0.00135
0.99328,0.01144
0.98453,0.01548
0.98049,0.01346
0.98251,0.00808
0.99059,0.00538
1.0034,0.00471
1.0114,0.00067
1.0222,-0.0074
1.0289,-0.00606
1.0296,-0.00269
1.0256,-0.00202
1.0175,-0.00404
1.0081,-0.00404
0.99799,-0.00404
0.98924,-0.00404
0.98588,-0.00336
0.9879,-0.00471
0.99261,-0.0074
0.99597,-0.00808
1.0007,-0.00673
1.0027,-0.00471
1.002,-0.00067
0.99866,0.00538
0.99328,0.01346
0.98857,0.02153
0.98117,0.0249
0.9778,0.02894
0.97713,0.03365
0.97982,0.03769
0.98655,0.0397
0.99664,0.04307
1.0047,0.04643
1.0114,0.05384
1.0189,0.05653
1.0182,0.06326
1.0141,0.07402
1.0054,0.08547
0.99261,0.09354
0.98251,0.10162
0.98655,0.10565
1,0.11036
1.0195,0.11171
1.039,0.11036
1.0518,0.10363
1.0586,0.09354
1.0612,0.08479
1.0606,0.07402
1.0464,0.05586
1.0283,0.03567
1.0121,0.01952
0.99866,0.00942
0.99328,0
0.99732,-0.00606
1.0074,-0.00808
1.0168,-0.00808
1.0242,-0.00067
1.0323,0.00606
1.033,0.00875
1.0263,0.00875
1.0182,0.00942
1.0074,0.00808
0.99328,0.00135
0.97982,-0.00404
0.97309,-0.00942
0.9704,-0.00875
0.97242,-0.0074
0.98117,-0.00471
0.98924,0.00538
0.99799,0.0148
1.0034,0.02625
1.0047,0.03634
1.0027,0.04172
0.9953,0.04374
0.98857,0.04038
0.9778,0.03769
0.96636,0.03297
0.96098,0.02894
0.96031,0.03028
0.95829,0.03365
0.95425,0.03769
0.94617,0.04105
0.9381,0.04643
0.93339,0.05787
0.93608,0.07941
0.94348,0.11171
0.95156,0.13123
0.95761,0.13997
0.96031,0.13661
0.96636,0.12315
0.9704,0.09825
0.96771,0.0572
0.9704,0.02355
0.97847,0.00538
0.97713,0.00538
0.96569,0.01682
0.95358,0.03499
0.94886,0.05586
0.94819,0.06797
0.94954,0.07268
0.95358,0.07201
0.95829,0.07672
0.95559,0.09018
0.95156,0.11306
0.95223,0.12853
0.95492,0.13594
0.9455,0.12853
0.93473,0.10094
0.92598,0.06797
0.91993,0.02759
0.90849,-0.00606
0.90109,-0.01817
0.91387,-0.00202
0.93137,0.03163
0.94483,0.07604
0.95963,0.12248
